0.000000 0.000000 0.000000 0.000000 
0.000000 0.000000 0.000000 0.000000 
0.000000 0.000000 0.000000 0.000000 
0.000000 0.000000 0.000000 0.000000 
0.000000 0.000000 0.000000 0.000000 
0.000000 0.000000 0.000000 0.000000 
0.000000 0.000000 0.000000 0.000000 
0.000000 0.000000 0.000000 0.000000 
0.000000 0.000000 0.000000 0.000000 
0.000000 0.000000 0.000000 0.000000 
0.000000 0.000000 0.000000 0.000000 
0.000000 0.000000 0.000000 0.000000 
0.000000 0.000000 0.000000 0.000000 
0.000000 0.000000 0.000000 0.000000 
0.000000 0.000000 0.000000 0.000000 
0.000000 0.000000 0.000000 0.000000 
0.000000 0.000000 0.000000 0.000000 
0.000000 0.000000 0.000000 0.000000 
0.000000 0.000000 0.000000 0.000000 
0.000000 0.000000 0.000000 0.000000 
1760.695923 1760.695923 775.549011 775.549011 
1762.526245 1762.497437 776.348999 776.352905 
1764.434082 1764.402100 777.192200 777.191223 
1766.328979 1766.298706 778.018860 778.016418 
1768.231445 1768.223511 778.848206 778.866577 
1770.092651 1770.114136 779.706604 779.698364 
1771.998779 1772.009399 780.543518 780.530090 
1773.967163 1773.880615 781.374878 781.359680 
1775.858765 1775.776611 782.190674 782.196899 
1777.755005 1777.761230 783.029541 783.035583 
1779.633667 1779.608398 783.869690 783.869263 
1781.531494 1781.570923 784.707275 784.709778 
1783.479492 1783.467529 785.544189 785.538269 
1785.363403 1785.360962 786.390259 786.426758 
1787.214111 1787.185913 787.244446 787.223938 
1789.102417 1789.097778 788.065674 788.049194 
1791.066895 1790.990845 788.922852 788.894104 
1792.982666 1792.871216 789.739746 789.775818 
1794.849731 1794.901611 790.615112 790.571228 
1796.788574 1796.754150 791.425720 791.461670 
1798.683472 1798.572998 792.309998 792.247009 
1800.528076 1800.646240 793.070618 793.106628 
1802.382935 1802.521729 794.005554 793.925720 
1804.446777 1804.373291 794.760254 794.796265 
1806.300171 1806.235352 795.652344 795.688354 
1808.120117 1808.117676 796.489136 796.525208 
1810.025269 1810.015503 797.303223 797.339294 
1812.126465 1811.965942 798.177490 798.213562 
1813.971313 1813.786499 798.996521 799.032593 
1815.777954 1815.866943 799.872131 799.908203 
1817.736694 1817.641357 800.614197 800.650269 
1819.614502 1819.535645 801.450256 801.486328 
1821.522461 1821.445923 802.333191 802.369263 
1823.393555 1823.402710 803.212463 803.248535 
1825.339966 1825.261108 804.078979 803.957092 
1827.236816 1827.338989 804.795410 804.831543 
1829.114624 1829.141235 805.763550 805.668701 
1831.005371 1831.008301 806.564819 806.601013 
1833.057373 1833.155762 807.379517 807.415649 
1834.780273 1835.038208 808.186890 808.223083 
1836.859009 1836.954834 809.113220 809.002686 
1838.678833 1838.800171 809.903198 809.939392 
1840.476929 1840.695679 810.664978 810.701172 
1842.568970 1842.551636 811.562988 811.599243 
1844.343628 1844.328003 812.456116 812.350403 
1846.293335 1846.391357 813.227539 813.263855 
1848.282593 1848.056030 814.103577 814.017456 
1850.108398 1850.043945 814.860291 814.896606 
1851.908813 1851.876465 815.784607 815.697388 
1853.865234 1853.937256 816.568359 816.604675 
1855.694824 1855.673096 817.498840 817.390198 
1857.722656 1857.746826 818.266479 818.302917 
1859.631592 1859.572632 819.056213 819.092529 
1861.412720 1861.481323 819.972107 820.008545 
1863.240356 1863.280029 820.765564 820.801941 
1865.225464 1865.287964 821.664246 821.575134 
1867.143921 1867.127441 822.460083 822.496521 
1869.041016 1868.937378 823.255798 823.292175 
1870.856079 1870.876587 824.070496 824.106873 
1872.761108 1872.754150 824.964050 825.000427 
1874.711182 1874.644165 825.749329 825.785706 
1876.562500 1876.591064 826.633911 826.567566 
1878.459961 1878.567627 827.390808 827.427246 
1880.351562 1880.403809 828.307312 828.343750 
1882.222534 1882.320923 829.057678 829.094116 
1884.247192 1884.114990 829.926636 829.963135 
1886.082764 1886.065674 830.811707 830.728027 
1888.063721 1888.029663 831.595459 831.631897 
1890.039062 1889.843628 832.459351 832.495911 
1892.060425 1891.724365 833.339905 833.256409 
1893.642334 1893.625854 834.078979 834.115479 
1895.535278 1895.557251 834.957153 834.993652 
1897.455078 1897.356689 835.795105 835.731995 
1899.228394 1899.443237 836.552429 836.588989 
1901.170898 1901.150146 837.449341 837.485840 
1902.999268 1902.986328 838.325928 838.222961 
1904.993408 1904.940674 839.081482 839.118103 
1906.838379 1906.931763 839.936096 839.972717 
1908.663086 1908.719238 840.711304 840.747925 
1910.584595 1910.659912 841.586609 841.623230 
1912.492188 1912.490234 842.462097 842.359375 
1914.400513 1914.280029 843.198669 843.235291 
1916.178345 1916.203003 844.073853 844.110352 
1918.079102 1918.097046 844.851257 844.887878 
1920.012939 1919.990723 845.710266 845.746826 
1921.797729 1921.843262 846.589966 846.506470 
1923.736206 1923.804565 847.349670 847.386230 
1925.694458 1925.655640 848.251831 848.288452 
1927.646118 1927.450562 848.996643 849.033203 
1929.523682 1929.544312 849.886414 849.801392 
1931.171143 1931.372925 850.661194 850.697754 
1933.243286 1933.000610 851.556641 851.466309 
1934.871216 1935.036865 852.348328 852.276733 
1936.932983 1936.721924 853.181824 853.085571 
1938.623535 1938.970459 854.031311 853.932800 
1940.711548 1940.682617 854.733948 854.770447 
1942.376343 1942.410645 855.597107 855.633728 
1944.531860 1944.555786 856.440247 856.476868 
1946.352051 1946.293701 857.239258 857.275879 
1947.993408 1948.145508 858.042786 858.079407 
1949.855591 1949.965820 858.938354 858.850342 
1952.003784 1951.747925 859.748535 859.785156 
1953.803833 1953.620483 860.528137 860.564758 
1955.688721 1955.425171 861.348694 861.385254 
1957.592407 1957.315186 862.162903 862.088684 
1959.355591 1959.280396 863.013245 863.049744 
1961.276489 1961.250977 863.738159 863.774719 
1963.132568 1963.067749 864.630188 864.666748 
1964.545654 1965.034546 865.482117 865.357117 
1966.415771 1966.473511 866.200256 866.236755 
1968.295898 1968.365723 867.083069 866.979858 
1970.183716 1970.261230 867.805969 867.842468 
1972.002075 1972.156372 868.669495 868.706055 
1974.053711 1974.050415 869.417419 869.453979 
1975.865112 1975.871460 870.282043 870.318665 
1977.824585 1977.922852 871.030151 871.066650 
1979.708740 1979.355591 871.893982 871.930481 
1981.131836 1981.231689 872.641724 872.678223 
1983.065552 1983.102783 873.483276 873.519714 
1985.007324 1984.967285 874.253235 874.289673 
1986.880859 1986.904663 875.116882 875.153320 
1988.754761 1988.856812 876.003967 875.876892 
1990.624878 1990.287720 876.750305 876.786804 
1992.413452 1992.175293 877.473938 877.510376 
1993.906738 1994.063232 878.383179 878.419678 
1995.774170 1995.945190 879.083130 879.119568 
1997.642578 1997.831299 879.968384 880.004761 
1999.517578 1999.718872 880.713684 880.750122 
2001.322632 2001.607422 881.598145 881.494995 
2003.274902 2002.969849 882.343079 882.379517 
2005.156738 2004.864258 883.087158 883.123535 
2006.661377 2006.749878 883.970276 884.006653 
2008.553223 2008.711060 884.714050 884.750427 
2010.425537 2010.671875 885.574646 885.471497 
2012.318726 2012.034668 886.295959 886.332275 
2014.102051 2013.991333 887.160400 887.054260 
2015.882690 2015.821777 887.933472 887.969727 
2017.664673 2017.610718 888.686646 888.722900 
2019.454102 2019.453979 889.463562 889.499817 
2021.329712 2021.236084 890.215332 890.251587 
2023.134644 2023.018066 891.111206 891.002319 
2024.940063 2024.815674 891.861145 891.897278 
2026.746216 2026.692139 892.658997 892.695129 
2028.558350 2028.427734 893.383972 893.420166 
2029.938232 2030.307861 894.276794 894.168091 
2031.828125 2032.112549 895.023926 895.060059 
2033.646973 2033.924438 895.794983 895.831055 
2035.466064 2035.374390 896.540833 896.576782 
2037.286743 2037.115601 897.286133 897.322144 
2039.179565 2039.003052 898.174927 898.066956 
2041.000000 2040.816895 898.895020 898.930908 
2042.823853 2042.704956 899.661865 899.697815 
2044.209106 2044.443970 900.404419 900.440247 
2045.958374 2046.262451 901.313782 901.182373 
2047.856445 2048.153320 902.054871 902.090698 
2049.679932 2049.534912 902.772034 902.807800 
2051.504150 2051.354248 903.536133 903.571899 
2053.326416 2053.099121 904.419006 904.311646 
2054.708496 2054.988281 905.181641 905.050537 
2056.531982 2056.805420 905.943604 905.979187 
2058.362305 2058.183594 906.680725 906.716431 
2060.192383 2059.998779 907.417175 907.452820 
2062.088623 2061.821289 908.153076 908.188599 
2063.912598 2063.645020 909.029663 908.899475 
2065.227539 2065.463135 909.762939 909.798340 
2067.128662 2067.281006 910.496155 910.531555 
2068.869873 2068.663818 911.228455 911.263855 
2070.590820 2070.487305 911.983154 912.018494 
2072.537109 2072.229492 912.736572 912.771912 
2073.900391 2074.090088 913.582764 913.476807 
2075.623535 2075.884277 914.311707 914.346985 
2077.420898 2077.742676 915.039368 915.074707 
2079.302490 2079.100342 915.791077 915.826233 
2080.677734 2080.817139 916.518005 916.553162 
2082.492920 2082.619141 917.384827 917.279602 
2084.317383 2084.493164 918.132446 918.027100 
2086.143066 2086.302002 918.856689 918.891785 
2087.960205 2087.683350 919.603333 919.638428 
2089.341309 2089.502441 920.325867 920.360901 
2091.083252 2091.246582 921.070496 921.105408 
2092.971436 2092.617432 921.813232 921.848145 
2094.361816 2094.499268 922.509888 922.544800 
2096.184814 2096.303223 923.367432 923.286438 
2098.000000 2098.123047 924.130798 924.003723 
2099.448975 2099.501953 924.824463 924.743713 
2101.114502 2101.310303 925.562866 925.597656 
2102.921875 2103.189697 926.277527 926.312195 
2104.719482 2104.489258 927.014404 927.049072 
2106.588623 2106.225586 927.704956 927.739502 
2107.874756 2108.024170 928.577576 928.451538 
2109.609131 2109.818848 929.288208 929.185059 
2111.290039 2111.174072 929.998535 930.033081 
2112.936035 2112.994873 930.707764 930.742249 
2114.517334 2114.627930 931.438599 931.473022 
2116.159668 2116.214111 932.145386 932.179749 
2118.125977 2117.858154 932.850952 932.885193 
2119.780029 2119.437500 933.669250 933.567261 
2121.310791 2121.080078 934.395691 934.429932 
2122.970459 2123.050293 935.075500 935.109619 
2124.563477 2124.645020 935.821716 935.855896 
2126.156738 2126.305420 936.521790 936.555908 
2127.763672 2127.773682 937.243408 937.277405 
2129.460938 2129.434082 937.896545 937.930542 
2131.044434 2131.105225 938.614929 938.648926 
2132.782471 2132.736572 939.463867 939.342163 
2134.450439 2134.384521 940.152039 940.185913 
2136.198486 2136.130371 940.806519 940.840332 
2137.409424 2137.807129 941.601501 941.489319 
2139.156982 2139.082764 942.244324 942.278076 
2140.842041 2140.772705 942.907715 942.941345 
2142.584961 2142.525146 943.686523 943.720154 
2144.270020 2143.809082 944.418823 944.330200 
2145.554443 2145.434570 945.065735 945.099243 
2147.318359 2147.208496 945.810303 945.723145 
2149.007568 2148.981445 946.450806 946.484192 
2150.288086 2150.215820 947.210815 947.244080 
2151.971191 2152.000244 947.828796 947.862122 
2153.658447 2153.712402 948.585938 948.619141 
2155.345459 2155.010742 949.301636 949.334778 
2156.632568 2156.788330 949.918091 949.951111 
2158.372070 2158.500732 950.653137 950.686157 
2159.974365 2159.800781 951.404785 951.437744 
2161.318604 2161.515869 952.016602 952.049500 
2163.002441 2163.219238 952.744263 952.777161 
2164.687500 2164.507080 953.375061 953.407837 
2165.966064 2166.202148 954.124146 954.156799 
2167.716553 2167.961914 954.872009 954.767700 
2169.399902 2169.246582 955.464233 955.496826 
2170.681641 2170.935059 956.212708 956.127563 
2172.434814 2172.217041 956.820496 956.852966 
2174.127197 2173.973145 957.564880 957.479553 
2175.412354 2175.251709 958.172546 958.204834 
2177.034424 2176.936768 958.893921 958.828613 
2178.377686 2178.625244 959.518677 959.550842 
2180.045654 2179.905518 960.259705 960.175293 
2181.778320 2181.583252 960.861633 960.893738 
2182.978516 2183.317139 961.599854 961.515442 
2184.645996 2184.579102 962.199768 962.231689 
2185.910156 2186.240967 962.932739 962.964661 
2187.570801 2187.438965 963.529724 963.561523 
2189.223389 2189.170654 964.241028 964.272827 
2190.477051 2190.766113 964.951965 964.848938 
2192.059570 2192.023926 965.545349 965.577026 
2193.637695 2193.741699 966.253296 966.170288 
2195.277588 2194.929199 966.844666 966.876221 
2196.585938 2196.510742 967.567810 967.599304 
2198.218262 2198.154053 968.136963 968.168335 
2199.391357 2199.727295 968.856201 968.773865 
2201.082275 2201.034912 969.445923 969.477173 
2202.708496 2202.665527 970.193970 970.090698 
2203.871094 2203.902588 970.791382 970.822449 
2205.549072 2205.526855 971.394897 971.425964 
2206.774170 2206.763428 972.116150 972.030273 
2208.387451 2208.377197 972.698853 972.729736 
2209.611084 2209.601074 973.338196 973.369019 
2211.213867 2211.208740 973.936584 973.967285 
2212.806885 2212.815430 974.687439 974.583557 
2214.075928 2214.035400 975.282471 975.313110 
2215.660645 2215.698730 975.876404 975.906921 
2217.250488 2216.843262 976.469055 976.499573 
2218.395508 2218.486572 977.193848 977.110107 
2219.664551 2219.687500 977.801697 977.832031 
2221.175293 2221.273682 978.390076 978.420288 
2222.739990 2222.858643 979.117188 978.994263 
2223.922363 2223.995850 979.597412 979.627563 
2225.469238 2225.565674 980.321899 980.232910 
2227.076660 2226.749268 980.954346 980.846191 
2228.187988 2228.296143 981.583862 981.476318 
2229.786621 2229.898682 982.073792 982.103577 
2231.317871 2231.068115 982.815247 982.708618 
2232.480713 2232.604980 983.301331 983.331055 
2233.940674 2233.772217 983.998962 983.912476 
2235.158447 2235.299072 984.616760 984.530579 
2236.621338 2236.817871 985.232605 985.127441 
2237.834473 2237.907227 985.803101 985.832458 
2239.343750 2239.483887 986.382446 986.411621 
2240.913574 2240.573486 986.937012 986.966187 
2242.059326 2242.140381 987.615601 987.537659 
2243.562988 2243.284424 988.169128 988.198120 
2244.705078 2244.841553 988.739380 988.768311 
2246.202393 2246.337646 989.397705 989.319885 
2247.333008 2247.475342 989.947876 989.976685 
2248.812500 2249.025146 990.514587 990.543274 
2250.292236 2250.092041 991.132751 991.161438 
2251.411865 2251.629150 991.714111 991.742615 
2252.825684 2252.687500 992.259155 992.287598 
2254.001221 2254.153320 992.907288 992.935669 
2255.462646 2255.618652 993.466370 993.494568 
2256.921631 2256.671631 994.110718 994.017090 
2258.029297 2258.185059 994.649231 994.677307 
2259.420410 2259.286621 995.186096 995.214111 
2260.572021 2260.736572 995.738525 995.766418 
2262.007080 2261.833252 996.375183 996.299927 
2263.438232 2263.211426 996.907349 996.935059 
2264.525879 2264.699463 997.437439 997.465088 
2265.948730 2265.779297 998.084961 998.010498 
2266.971436 2267.196289 998.611389 998.638855 
2268.441895 2268.276611 999.136414 999.163757 
2269.850586 2269.687500 999.760620 999.787903 
2270.923096 2271.092773 1000.281860 1000.309021 
2272.322266 2272.158936 1000.818237 1000.845276 
2273.380371 2273.557129 1001.352783 1001.379761 
2274.716309 2274.618896 1001.985718 1002.012573 
2276.153320 2276.005859 1002.499817 1002.526611 
2277.142090 2277.056641 1003.012329 1003.039062 
2278.512695 2278.380615 1003.638245 1003.566162 
2279.586670 2279.804199 1004.163086 1004.091309 
2280.830078 2280.784912 1004.670044 1004.696411 
2282.233154 2282.140381 1005.175171 1005.201477 
2283.299072 2283.200928 1005.775818 1005.704834 
2284.644775 2284.433350 1006.277161 1006.303284 
2285.697510 2285.822266 1006.776917 1006.802917 
2287.047852 2286.873291 1007.370911 1007.396912 
2288.101807 2288.199951 1007.882935 1007.908813 
2289.448975 2289.239014 1008.377258 1008.402954 
2290.499023 2290.575439 1008.980835 1008.911377 
2291.802246 2291.615723 1009.471497 1009.497009 
2292.853271 2292.936035 1009.976074 1010.001526 
2293.988770 2294.170166 1010.463196 1010.488525 
2295.248291 2295.241943 1011.057800 1010.989380 
2296.584473 2296.561279 1011.540955 1011.566101 
2297.628662 2297.630615 1012.022156 1012.047241 
2298.673340 2298.899414 1012.517029 1012.542053 
2300.006104 2299.919434 1013.101990 1013.034729 
2301.045898 2301.182373 1013.577148 1013.525452 
2302.102783 2302.240234 1014.065735 1014.090393 
2303.416992 2303.253418 1014.537415 1014.562012 
2304.477295 2304.511230 1015.112854 1015.031555 
2305.798340 2305.582275 1015.580261 1015.604675 
2306.867188 2306.861328 1016.060913 1016.085205 
2307.891357 2307.893799 1016.599548 1016.534058 
2308.991699 2308.891357 1017.091064 1017.025940 
2310.039551 2310.179932 1017.565796 1017.500916 
2311.082520 2311.167969 1018.023865 1018.047791 
2312.418701 2312.228516 1018.480164 1018.503906 
2313.420898 2313.525391 1019.036926 1018.972839 
2314.508057 2314.580078 1019.503479 1019.439758 
2315.545410 2315.598145 1019.968079 1019.991577 
2316.583984 2316.573486 1020.416199 1020.439575 
2317.865723 2317.867676 1020.948364 1020.871033 
2318.694092 2318.866699 1021.392151 1021.415222 
2319.976074 2319.870605 1021.848083 1021.871033 
2320.997559 2320.877686 1022.302002 1022.324829 
2322.051025 2321.889160 1022.754272 1022.776978 
2323.021240 2323.129150 1023.260315 1023.282898 
2324.072998 2324.155762 1023.708008 1023.730469 
2325.086426 2325.096924 1024.139771 1024.162109 
2326.134521 2326.123779 1024.583496 1024.605713 
2327.134521 2327.112061 1025.080200 1025.102295 
2328.129883 2328.135742 1025.533325 1025.555298 
2329.359131 2329.384766 1025.970703 1025.992554 
2330.347168 2330.354248 1026.392456 1026.414185 
2331.330566 2331.320557 1026.906494 1026.847168 
2332.309082 2332.247314 1027.310303 1027.331665 
2333.319336 2333.249023 1027.725342 1027.746582 
2334.284424 2334.205811 1028.231567 1028.172974 
2335.286133 2335.381836 1028.655640 1028.597168 
2336.169922 2336.361084 1029.077271 1029.098022 
2337.150635 2337.338867 1029.483887 1029.504395 
2338.119141 2338.242432 1029.901489 1029.921875 
2339.301758 2339.206543 1030.381714 1030.324341 
2340.222412 2340.118896 1030.781982 1030.802124 
2341.098389 2341.024658 1031.180176 1031.200195 
2342.076904 2342.182373 1031.665649 1031.596436 
2342.973389 2343.081543 1032.072144 1032.015869 
2344.086914 2344.007568 1032.451416 1032.470947 
2344.979248 2344.858154 1032.853882 1032.873291 
2345.872314 2345.955566 1033.316406 1033.273315 
2346.792236 2346.868896 1033.701782 1033.720947 
2347.674316 2347.750244 1034.097534 1034.116333 
2348.550049 2348.626709 1034.478638 1034.497314 
2349.631104 2349.496094 1034.943237 1034.888550 
2350.464600 2350.361084 1035.331909 1035.350342 
2351.329590 2351.426514 1035.718018 1035.736206 
2352.192627 2352.279785 1036.102417 1036.120483 
2353.049072 2353.097412 1036.472778 1036.490601 
2354.104004 2353.945557 1036.935791 1036.870605 
2354.951172 2355.021973 1037.289673 1037.307373 
2355.829346 2355.852295 1037.676636 1037.694336 
2356.670166 2356.675293 1038.038330 1038.055786 
2357.471680 2357.496338 1038.409180 1038.426514 
2358.333008 2358.316406 1038.846802 1038.783691 
2359.318359 2359.324463 1039.212891 1039.229980 
2360.139160 2360.161133 1039.576660 1039.593750 
2360.988770 2360.926025 1039.927002 1039.943848 
2361.765625 2361.723877 1040.286499 1040.303223 
2362.568359 2362.742432 1040.688110 1040.649170 
2363.363281 2363.498535 1041.053833 1041.070435 
2364.374512 2364.279297 1041.384399 1041.400879 
2365.161621 2365.053467 1041.745605 1041.761963 
2365.941650 2365.824707 1042.104492 1042.120728 
2366.749023 2366.809326 1042.493286 1042.509399 
2367.520996 2367.570557 1042.847168 1042.863281 
2368.289062 2368.357666 1043.187012 1043.202881 
2369.080566 2369.110107 1043.534302 1043.550049 
2369.837891 2369.860107 1043.867554 1043.852783 
2370.588379 2370.634277 1044.201172 1044.205322 
2371.505371 2371.373047 1044.540649 1044.553833 
2372.234863 2372.307373 1044.878540 1044.889404 
2372.962402 2372.998535 1045.220459 1045.227783 
2373.687988 2373.711182 1045.551270 1045.555420 
2374.409180 2374.422607 1045.880859 1045.881470 
2375.288330 2375.302490 1046.221558 1046.219971 
2376.013916 2376.007812 1046.542603 1046.545654 
2376.668701 2376.701660 1046.862793 1046.863770 
2377.470215 2377.412842 1047.190918 1047.195190 
2378.205811 2378.237549 1047.513794 1047.504028 
2378.814209 2378.843994 1047.839233 1047.829346 
2379.533691 2379.563477 1048.145142 1048.148926 
2380.272217 2380.295410 1048.456665 1048.463867 
2380.981689 2381.021973 1048.755859 1048.767456 
2381.685059 2381.720215 1049.078979 1049.092896 
2382.384033 2382.434082 1049.396118 1049.384033 
2383.102051 2383.120117 1049.685913 1049.708008 
2383.794922 2383.779541 1050.002563 1050.001953 
2384.482910 2384.478760 1050.290771 1050.268677 
2385.164551 2385.153320 1050.603149 1050.587891 
2385.732178 2385.822266 1050.867310 1050.860962 
2386.403320 2386.507080 1051.189575 1051.191528 
2387.098145 2387.038086 1051.454712 1051.470459 
2387.661865 2387.692383 1051.739380 1051.759644 
2388.326904 2388.369873 1052.016479 1052.042847 
2388.983887 2389.042236 1052.304443 1052.281738 
2389.659180 2389.684570 1052.594849 1052.566895 
2390.288818 2390.199463 1052.877197 1052.850342 
2390.929688 2390.856689 1053.113159 1053.131958 
2391.544922 2391.469482 1053.392700 1053.420776 
2392.035889 2392.073486 1053.670532 1053.644775 
2392.683594 2392.692383 1053.946289 1053.920654 
2393.320801 2393.308105 1054.219727 1054.184814 
2393.947510 2393.933594 1054.481323 1054.463379 
2394.531982 2394.415283 1054.705688 1054.730957 
2395.015869 2395.023926 1054.970947 1054.953125 
2395.612061 2395.591553 1055.241821 1055.215576 
2396.221191 2396.194336 1055.451538 1055.466919 
2396.820068 2396.772705 1055.700562 1055.724121 
2397.281006 2397.344238 1055.947144 1055.986816 
2397.850342 2397.814941 1056.207520 1056.189941 
2398.414795 2398.370117 1056.464966 1056.439453 
2398.973145 2398.923340 1056.671875 1056.694092 
2399.521973 2399.468994 1056.908203 1056.937744 
2399.976074 2400.008057 1057.157227 1057.178589 
2400.511475 2400.539307 1057.388062 1057.363525 
2401.059082 2400.996582 1057.586426 1057.599365 
2401.584473 2401.616455 1057.819580 1057.839844 
2402.019287 2402.047607 1058.050171 1058.077393 
2402.515381 2402.555176 1058.285156 1058.260132 
2403.036621 2403.056396 1058.509033 1058.484131 
2403.540283 2403.567871 1058.687500 1058.705444 
2404.039307 2404.059814 1058.899292 1058.924194 
2404.542480 2404.532471 1059.129395 1059.112671 
2404.927490 2404.935303 1059.349854 1059.333740 
2405.416504 2405.403564 1059.567749 1059.552002 
2405.904297 2405.882568 1059.736084 1059.760254 
2406.369873 2406.361572 1059.948608 1059.932983 
2406.825195 2406.819336 1060.158203 1060.136230 
2407.201416 2407.266602 1060.358398 1060.330566 
2407.634277 2407.719971 1060.511719 1060.535034 
2408.092285 2408.072510 1060.713623 1060.698975 
2408.539551 2408.522949 1060.912476 1060.891602 
2408.896729 2408.951172 1061.102173 1061.087891 
2409.399170 2409.369385 1061.259277 1061.275146 
2409.735840 2409.726807 1061.444092 1061.430176 
2410.149902 2410.121582 1061.631836 1061.612549 
2410.569336 2410.552490 1061.811157 1061.797729 
2410.967773 2410.949463 1061.959351 1061.968628 
2411.284180 2411.336670 1062.127686 1062.119995 
2411.695801 2411.716064 1062.309814 1062.296997 
2412.076416 2412.031494 1062.451416 1062.470703 
2412.462402 2412.413818 1062.617065 1062.636353 
2412.758301 2412.777100 1062.785400 1062.767822 
2413.190186 2413.134033 1062.945679 1062.928467 
2413.478027 2413.483887 1063.103271 1063.091431 
2413.828857 2413.830566 1063.228394 1063.241577 
2414.181396 2414.182129 1063.381104 1063.398926 
2414.525879 2414.513672 1063.535767 1063.548218 
2414.844971 2414.857178 1063.682617 1063.666626 
2415.179443 2415.155518 1063.826660 1063.815674 
2415.435547 2415.479004 1063.945435 1063.957275 
2415.737305 2415.795410 1064.084229 1064.100464 
2416.042969 2416.087891 1064.224976 1064.210327 
2416.351074 2416.327148 1064.358276 1064.348267 
2416.652588 2416.617676 1064.493164 1064.479004 
2416.947021 2416.920166 1064.596313 1064.607056 
2417.181152 2417.190186 1064.721802 1064.736206 
2417.452881 2417.489990 1064.844482 1064.835083 
2417.727295 2417.755615 1064.968140 1064.955200 
2417.996094 2417.974121 1065.085083 1065.076172 
2418.250000 2418.229492 1065.203003 1065.190674 
2418.490723 2418.479248 1065.292969 1065.305908 
2418.749268 2418.731445 1065.405640 1065.393799 
2418.978271 2418.969238 1065.511841 1065.503784 
2419.222656 2419.207031 1065.618652 1065.607544 
2419.454346 2419.429199 1065.699951 1065.708496 
2419.630127 2419.653809 1065.801514 1065.809692 
2419.835449 2419.871338 1065.896973 1065.889771 
2420.050781 2420.068359 1065.992676 1065.982666 
2420.253174 2420.242676 1066.065308 1066.075806 
2420.454834 2420.437500 1066.155762 1066.165894 
2420.644775 2420.625977 1066.240601 1066.237915 
2420.834717 2420.843262 1066.321777 1066.327393 
2421.017090 2420.985840 1066.400635 1066.398682 
2421.154541 2421.162354 1066.471313 1066.469360 
2421.319824 2421.331543 1066.539307 1066.541260 
2421.484375 2421.488525 1066.608398 1066.609497 
2421.642090 2421.645752 1066.686401 1066.680054 
2421.782715 2421.796875 1066.739746 1066.743164 
2421.927002 2421.931152 1066.802612 1066.811401 
2422.061523 2422.068604 1066.869263 1066.864014 
2422.197510 2422.196777 1066.921753 1066.921631 
2422.318848 2422.326416 1066.978027 1066.976074 
2422.434082 2422.419189 1067.028320 1067.024414 
2422.547607 2422.532471 1067.074585 1067.074829 
2422.648193 2422.636475 1067.120728 1067.119263 
2422.752441 2422.734863 1067.163452 1067.163696 
2422.826416 2422.827148 1067.204834 1067.204468 
2422.913086 2422.915771 1067.241455 1067.243042 
2422.996338 2422.995605 1067.280640 1067.278809 
2423.072998 2423.072021 1067.312622 1067.309814 
2423.143555 2423.141846 1067.340698 1067.344482 
2423.205566 2423.205078 1067.371582 1067.370239 
2423.261719 2423.260742 1067.393921 1067.394287 
2423.311768 2423.310303 1067.415405 1067.415283 
2423.356201 2423.354248 1067.435181 1067.435913 
2423.394775 2423.392334 1067.452148 1067.453369 
2423.427734 2423.424805 1067.467529 1067.468018 
2423.453857 2423.452148 1067.479980 1067.479126 
2423.474121 2423.475830 1067.488525 1067.488892 
2423.489014 2423.489990 1067.494629 1067.494873 
2423.497559 2423.497803 1067.498901 1067.498779 
2423.500000 2423.500000 1067.500000 1067.500000 
2423.496582 2423.496338 1067.498657 1067.498413 
2423.486816 2423.486816 1067.494751 1067.494263 
2423.471680 2423.471680 1067.487183 1067.487427 
2423.450928 2423.451416 1067.478149 1067.477539 
2423.423096 2423.425537 1067.465576 1067.467041 
2423.389404 2423.392822 1067.452881 1067.451660 
2423.349609 2423.354248 1067.434082 1067.433105 
2423.303711 2423.309814 1067.413696 1067.413208 
2423.253418 2423.251221 1067.390747 1067.393799 
2423.197754 2423.193848 1067.364746 1067.368774 
2423.134521 2423.131348 1067.340576 1067.340454 
2423.065186 2423.064941 1067.310425 1067.309448 
2422.991943 2422.990723 1067.277710 1067.275757 
2422.911133 2422.912842 1067.241455 1067.241455 
2422.830078 2422.826416 1067.201538 1067.202637 
2422.720215 2422.737305 1067.162109 1067.162109 
2422.621338 2422.617676 1067.111938 1067.116821 
2422.516846 2422.516602 1067.073608 1067.069946 
2422.410645 2422.406250 1067.023071 1067.020386 
2422.294678 2422.293701 1066.969482 1066.966675 
2422.177490 2422.175293 1066.914673 1066.913330 
2422.051270 2422.047363 1066.858765 1066.855835 
2421.919434 2421.914551 1066.798706 1066.795654 
2421.781250 2421.775635 1066.735962 1066.732422 
2421.610107 2421.635986 1066.670288 1066.678101 
2421.468994 2421.458008 1066.601074 1066.607788 
2421.312256 2421.301514 1066.541382 1066.535645 
2421.150635 2421.145020 1066.466919 1066.460693 
2420.990234 2420.985596 1066.387329 1066.393555 
2420.784912 2420.811279 1066.304565 1066.310791 
2420.604492 2420.605957 1066.234863 1066.227051 
2420.425293 2420.421875 1066.148682 1066.140625 
2420.244385 2420.239990 1066.059692 1066.063721 
2420.050781 2420.011719 1065.980469 1065.969604 
2419.819336 2419.817871 1065.883789 1065.890259 
2419.619629 2419.624023 1065.783813 1065.792969 
2419.409668 2419.413086 1065.699951 1065.687378 
2419.153320 2419.164795 1065.594360 1065.600464 
2418.936768 2418.945068 1065.485107 1065.489868 
2418.707764 2418.718994 1065.392578 1065.378784 
2418.444336 2418.450684 1065.279053 1065.283447 
2418.205811 2418.221924 1065.178467 1065.166138 
2417.969238 2417.943359 1065.058716 1065.060547 
2417.711914 2417.696533 1064.954590 1064.933838 
2417.418213 2417.437012 1064.825562 1064.821899 
2417.166992 2417.188721 1064.707397 1064.711548 
2416.903076 2416.886230 1064.594971 1064.598877 
2416.583008 2416.616699 1064.457520 1064.461426 
2416.317383 2416.292236 1064.339966 1064.338623 
2415.994141 2416.029297 1064.214966 1064.216919 
2415.719971 2415.699707 1064.067017 1064.065430 
2415.442383 2415.410889 1063.940796 1063.939575 
2415.082764 2415.124756 1063.808716 1063.807495 
2414.802490 2414.767578 1063.648804 1063.652222 
2414.442871 2414.460938 1063.516235 1063.524170 
2414.125977 2414.102295 1063.377319 1063.363647 
2413.774902 2413.797363 1063.218384 1063.222412 
2413.466309 2413.478027 1063.083862 1063.083496 
2413.070557 2413.088867 1062.910645 1062.910278 
2412.753418 2412.755859 1062.766968 1062.761963 
2412.359619 2412.368652 1062.611694 1062.616211 
2412.033203 2412.029541 1062.434937 1062.434570 
2411.636719 2411.631104 1062.284424 1062.284180 
2411.288086 2411.291992 1062.126953 1062.096802 
2410.866455 2410.873047 1061.942017 1061.941772 
2410.509766 2410.526367 1061.779663 1061.779419 
2410.090576 2410.100830 1061.583984 1061.614868 
2409.733154 2409.666504 1061.416870 1061.421875 
2409.291748 2409.308838 1061.247559 1061.252563 
2408.844482 2408.866699 1061.048828 1061.048584 
2408.477783 2408.491699 1060.880127 1060.874390 
2408.008301 2408.040527 1060.703857 1060.697998 
2407.628906 2407.580078 1060.486084 1060.491211 
2407.172363 2407.201416 1060.310425 1060.310059 
2406.698730 2406.744629 1060.127197 1060.126709 
2406.306396 2406.265137 1059.906616 1059.911621 
2405.835938 2405.867676 1059.729980 1059.715454 
2405.353271 2405.390625 1059.489746 1059.512817 
2404.862305 2404.896973 1059.284302 1059.296753 
2404.468750 2404.394287 1059.107910 1059.121460 
2403.953125 2403.980957 1058.887817 1058.895874 
2403.460205 2403.485352 1058.659180 1058.676025 
2403.028076 2402.971191 1058.436523 1058.447510 
2402.508057 2402.533203 1058.248657 1058.267578 
2401.998291 2402.006104 1058.023193 1058.036011 
2401.470459 2401.489746 1057.788696 1057.809448 
2400.951660 2400.955078 1057.559326 1057.573730 
2400.425293 2400.429932 1057.365723 1057.337402 
2399.948730 2399.883057 1057.126221 1057.129028 
2399.429688 2399.419434 1056.870972 1056.903320 
2398.859619 2398.866943 1056.642822 1056.642822 
2398.329834 2398.338623 1056.416870 1056.405029 
2397.764404 2397.775635 1056.178101 1056.164917 
2397.285645 2397.224365 1055.930786 1055.947021 
2396.725830 2396.667236 1055.676025 1055.688599 
2396.162842 2396.106201 1055.456787 1055.454468 
2395.595947 2395.543213 1055.178345 1055.179810 
2395.008545 2394.955811 1054.933594 1054.921509 
2394.427979 2394.362793 1054.687378 1054.665283 
2393.832031 2393.766602 1054.436035 1054.419312 
2393.231201 2393.183105 1054.174438 1054.150269 
2392.628662 2392.579590 1053.910034 1053.885620 
2392.032715 2391.988037 1053.643311 1053.618896 
2391.410645 2391.353027 1053.367310 1053.357300 
2390.791504 2390.842285 1053.103394 1053.093628 
2390.174805 2390.228516 1052.837891 1052.820679 
2389.560059 2389.507568 1052.562622 1052.553345 
2388.922119 2388.889160 1052.285645 1052.268677 
2388.290771 2388.237305 1052.006348 1051.988770 
2387.651123 2387.604736 1051.724243 1051.706787 
2386.987549 2386.963867 1051.440308 1051.429932 
2386.354004 2386.333984 1051.115845 1051.143555 
2385.713867 2385.687988 1050.826904 1050.816650 
2385.049805 2385.001465 1050.551270 1050.571411 
2384.326416 2384.400879 1050.250122 1050.278442 
2383.702393 2383.685303 1049.954712 1049.943970 
2382.959473 2382.935547 1049.664673 1049.638062 
2382.274902 2382.289307 1049.364624 1049.345459 
2381.554199 2381.570312 1049.062134 1049.035034 
2380.852783 2380.901855 1048.757690 1048.730225 
2380.194336 2380.240723 1048.394043 1048.423584 
2379.542725 2379.439453 1048.142090 1048.114380 
2378.736328 2378.784912 1047.773560 1047.811401 
2378.046143 2378.097412 1047.468262 1047.505981 
2377.398682 2377.273193 1047.160522 1047.190430 
2376.560791 2376.609375 1046.842529 1046.830688 
2375.877686 2375.802979 1046.531128 1046.510498 
2375.139893 2375.086182 1046.208984 1046.187988 
2374.291992 2374.442871 1045.884399 1045.862427 
2373.449951 2373.660889 1045.557007 1045.544556 
2372.815186 2372.809570 1045.185059 1045.214966 
2372.103027 2372.117432 1044.853271 1044.882935 
2371.348633 2371.377441 1044.518799 1044.548950 
2370.569336 2370.610596 1044.182739 1044.160278 
2369.821045 2369.620361 1043.844727 1043.831055 
2369.030273 2368.834961 1043.513672 1043.500122 
2368.277588 2368.087891 1043.126953 1043.148682 
2367.481445 2367.298584 1042.773193 1042.805054 
2366.685547 2366.509277 1042.427368 1042.403931 
2365.656006 2365.771484 1042.087891 1042.065186 
2364.892578 2364.968018 1041.738159 1041.706055 
2364.169678 2364.234863 1041.386475 1041.363403 
2363.298340 2363.371582 1040.976685 1041.008911 
2362.468994 2362.490479 1040.619995 1040.661377 
2361.624023 2361.649902 1040.270386 1040.246094 
2360.822266 2360.854980 1039.919800 1039.885498 
2360.052979 2359.938477 1039.490112 1039.532104 
2359.149170 2359.189209 1039.134521 1039.166870 
2358.260986 2358.281738 1038.767212 1038.799561 
2357.393066 2357.401367 1038.397949 1038.419434 
2356.602295 2356.512451 1038.015625 1037.987183 
2355.714600 2355.628662 1037.650391 1037.620483 
2354.808838 2354.834717 1037.212158 1037.250610 
2353.890381 2353.921631 1036.840210 1036.879272 
2353.065430 2352.989746 1036.467041 1036.485962 
2352.095459 2352.137939 1036.071533 1036.049438 
2351.248779 2351.294922 1035.632690 1035.661499 
2350.292725 2350.342773 1035.242798 1035.271362 
2349.438477 2349.374268 1034.850708 1034.877441 
2348.440918 2348.515381 1034.454590 1034.480347 
2347.615234 2347.552002 1034.055542 1034.080933 
2346.611572 2346.687744 1033.654175 1033.625488 
2345.771484 2345.709229 1033.271118 1033.231323 
2344.808105 2344.860107 1032.800293 1032.813599 
2343.872803 2343.906250 1032.380493 1032.414062 
2342.910889 2342.955811 1031.979126 1032.013062 
2341.969971 2342.003174 1031.576172 1031.587646 
2341.020752 2341.041260 1031.148682 1031.182739 
2340.025879 2340.062256 1030.741943 1030.687500 
2339.098877 2339.125244 1030.333130 1030.344482 
2338.114990 2338.141602 1029.899902 1029.867188 
2337.161865 2337.106934 1029.476440 1029.444214 
2336.162354 2336.197754 1028.995483 1029.019287 
2335.129150 2335.179199 1028.568604 1028.592163 
2334.207520 2334.156250 1028.139648 1028.175049 
2333.159424 2333.213135 1027.720825 1027.744019 
2332.213623 2332.166260 1027.287842 1027.254395 
2331.128662 2331.208008 1026.796143 1026.830933 
2330.091309 2330.211182 1026.370972 1026.382812 
2328.995850 2328.958252 1025.921021 1025.898071 
2328.149658 2328.114746 1025.503906 1025.457764 
2326.649414 2327.203613 1025.062012 1025.015747 
2326.120361 2326.096436 1024.548340 1024.571655 
2324.877930 2324.868408 1024.102417 1024.137817 
2323.631104 2323.647705 1023.666870 1023.631042 
2322.978516 2323.015137 1023.229187 1023.181702 
2321.681641 2321.782715 1022.707031 1022.742249 
2320.950928 2320.490479 1022.265930 1022.289490 
2319.688721 2319.573242 1021.811401 1021.774902 
2318.678223 2318.586670 1021.294861 1021.306702 
2317.473633 2317.616943 1020.824890 1020.860596 
2316.535156 2316.554199 1020.377258 1020.412598 
2315.449707 2315.410156 1019.927551 1019.878113 
2314.356445 2314.404785 1019.391113 1019.426697 
2313.303223 2313.240967 1018.938110 1018.973999 
2312.180664 2312.197021 1018.483826 1018.420532 
2311.134277 2311.065430 1017.928467 1017.964111 
2309.974609 2309.906738 1017.470398 1017.505981 
2308.847656 2308.832031 1017.010803 1017.034119 
2307.692139 2307.673096 1016.537231 1016.498169 
2306.617188 2306.493164 1015.999512 1016.010254 
2305.454834 2305.318115 1015.510071 1015.546204 
2304.268799 2304.431152 1015.044495 1014.991821 
2303.086670 2303.224365 1014.488281 1014.524109 
2301.865234 2302.117920 1014.018982 1014.041870 
2300.975830 2300.924316 1013.535339 1013.469543 
2299.858887 2299.834717 1012.961121 1012.996887 
2298.653320 2298.656738 1012.487000 1012.510925 
2297.553711 2297.480225 1011.999634 1011.958130 
2296.366211 2296.400635 1011.445068 1011.454895 
2295.179932 2294.985596 1010.940369 1010.975952 
2293.777344 2293.871094 1010.460083 1010.404907 
2292.667236 2292.817139 1009.887390 1009.909851 
2291.545410 2291.494385 1009.390808 1009.414062 
2290.484375 2290.271973 1008.893677 1008.850586 
2289.153076 2289.216064 1008.328552 1008.338257 
2287.922119 2287.916992 1007.814758 1007.837524 
2286.858398 2286.900146 1007.312683 1007.255859 
2285.548828 2285.643555 1006.729431 1006.751953 
2284.239014 2284.348877 1006.224121 1006.259644 
2283.258301 2283.094238 1005.730591 1005.672729 
2281.953369 2281.841309 1005.142090 1005.164124 
2280.688477 2280.827393 1004.632080 1004.654297 
2279.426758 2279.531006 1004.053650 1004.062378 
2278.159424 2278.298340 1003.527588 1003.563049 
2277.099609 2277.098633 1002.932068 1002.953979 
2275.857422 2275.884766 1002.416382 1002.465698 
2274.416992 2274.478516 1001.926880 1001.853577 
2273.200439 2273.341797 1001.313293 1001.334961 
2272.009766 2271.954834 1000.793457 1000.746948 
2270.865967 2270.828857 1000.203979 1000.225769 
2269.468018 2269.490234 999.681580 999.703369 
2268.333252 2268.137939 999.061401 999.097046 
2266.984131 2266.863770 998.550232 998.571899 
2265.623047 2265.769043 998.023926 997.976624 
2264.341309 2264.265625 997.427307 997.448608 
2263.033203 2263.189697 996.814514 996.835632 
2261.724365 2261.708496 996.283875 996.318787 
2260.471680 2260.427979 995.667847 995.703003 
2259.148682 2259.205078 995.148743 995.169678 
2257.859131 2257.819824 994.529907 994.565125 
2256.627930 2256.639893 994.008545 993.959106 
2255.235596 2255.273193 993.401245 993.422241 
2254.048096 2253.934326 992.863342 992.799438 
2252.672607 2252.533691 992.239197 992.259766 
2251.325684 2251.351074 991.698486 991.633362 
2249.916504 2250.031494 991.070862 991.105591 
2248.726562 2248.709229 990.456421 990.476685 
2247.399414 2247.238281 989.911987 989.932495 
2246.069092 2245.901855 989.280579 989.301147 
2244.590088 2244.566650 988.734253 988.667786 
2243.246826 2243.230713 988.099731 988.119507 
2241.903564 2241.908447 987.550476 987.498352 
2240.560059 2240.601807 986.928162 986.947998 
2239.230713 2239.283691 986.289856 986.323792 
2237.915771 2237.816650 985.751648 985.756653 
2236.414062 2236.460205 985.095886 985.130249 
2235.115967 2235.085693 984.439087 984.487610 
2233.756104 2233.716553 983.912354 983.931396 
2232.375488 2232.341797 983.252563 983.286133 
2231.000977 2230.939453 982.708923 982.639832 
2229.500244 2229.489746 982.061584 982.095154 
2228.072998 2228.200684 981.412598 981.460938 
2226.760010 2226.788574 980.777344 980.810730 
2225.362793 2225.368408 980.229736 980.233276 
2223.926758 2223.948975 979.562256 979.581116 
2222.500488 2222.529297 978.998352 978.942261 
2221.054932 2221.083496 978.358459 978.361572 
2219.631592 2219.679199 977.702332 977.705078 
2218.180176 2218.242432 977.119507 977.062622 
2216.770020 2216.776123 976.476196 976.478699 
2215.330566 2215.448730 975.816406 975.849121 
2214.005127 2213.965088 975.155823 975.188171 
2212.540771 2212.486572 974.508850 974.525879 
2211.061035 2211.084961 973.936157 973.953064 
2209.574219 2209.577148 973.272034 973.289124 
2208.167969 2208.180176 972.591797 972.639038 
2206.653076 2206.654785 971.940735 971.972656 
2205.229248 2205.250000 971.379639 971.381592 
2203.728760 2203.810059 970.696594 970.713013 
2202.312500 2202.308350 970.042419 970.043884 
2200.855713 2200.736328 969.448608 969.403931 
2199.324707 2199.281006 968.685730 968.717346 
2197.925537 2197.829590 968.120544 968.136475 
2196.468506 2196.284424 967.447144 967.463013 
2194.775391 2194.766602 966.757690 966.788818 
2193.473389 2193.460693 966.190002 966.113464 
2191.956543 2191.958252 965.513916 965.437256 
2190.410889 2190.460205 964.837036 964.867676 
2188.933350 2188.933594 964.174438 964.189453 
2187.391846 2187.460205 963.479858 963.494812 
2185.895996 2185.766113 962.799927 962.830078 
2184.412354 2184.311523 962.149963 962.164795 
2182.910889 2182.803955 961.468384 961.483398 
2181.208984 2181.374512 960.786255 960.800415 
2179.695068 2179.714844 960.195862 960.116882 
2178.257568 2178.284424 959.511780 959.463623 
2176.822754 2176.836426 958.857910 958.856445 
2175.185059 2175.185791 958.156616 958.170349 
2173.729248 2173.743652 957.469910 957.483398 
2172.045166 2172.079102 956.782227 956.811401 
2170.592773 2170.633789 956.109680 956.123047 
2168.956299 2169.013428 955.420776 955.433777 
2167.471436 2167.368652 954.730835 954.728088 
2165.846680 2165.951172 954.040161 954.053223 
2164.420654 2164.345215 953.349304 953.362305 
2162.803955 2162.742676 952.657532 952.654297 
2161.183838 2161.346436 951.948975 951.977051 
2159.756348 2159.729004 951.255432 951.267578 
2158.128174 2158.165283 950.561157 950.573181 
2156.460205 2156.618408 949.866272 949.894226 
2155.027344 2154.916992 949.186951 949.199097 
2153.406738 2153.364990 948.491150 948.502808 
2151.825928 2151.777100 947.810303 947.806152 
2150.233643 2150.155762 947.097412 947.108826 
2148.588379 2148.547363 946.399597 946.410828 
2146.994629 2146.966797 945.701050 945.712219 
2145.393555 2145.354980 944.986084 945.012817 
2143.829590 2143.732666 944.302307 944.296814 
2142.239502 2142.156738 943.601807 943.612122 
2140.647949 2140.560791 942.900757 942.911255 
2138.920410 2138.978760 942.199524 942.209595 
2137.365723 2137.407471 941.497498 941.491516 
2135.825439 2135.628418 940.779114 940.692993 
2134.142090 2134.078613 940.076111 940.005859 
2132.555420 2132.567871 939.276794 939.302551 
2130.817627 2130.831299 938.573120 938.582703 
2129.135986 2129.300537 937.868896 937.893860 
2127.617676 2127.600098 937.179810 937.188721 
2125.877686 2126.038818 936.490479 936.483032 
2124.413330 2124.354248 935.768494 935.680603 
2122.620850 2122.587158 934.965759 934.958130 
2120.929443 2121.083008 934.242981 934.267456 
2119.385986 2119.365479 933.552124 933.576355 
2117.677246 2117.652344 932.844788 932.772095 
2116.143799 2116.149902 932.056274 932.047852 
2114.443359 2114.449707 931.348328 931.355774 
2112.783447 2112.769043 930.639648 930.646973 
2111.095215 2111.040039 929.930786 929.937927 
2109.420898 2109.382568 929.124695 929.131470 
2107.747559 2107.725830 928.414856 928.421509 
2106.073486 2106.037109 927.704773 927.711670 
2104.428955 2104.369629 926.978699 926.888062 
2102.765137 2102.718506 926.171082 926.177856 
2101.093506 2101.074951 925.477234 925.467041 
2099.299561 2099.406982 924.750061 924.772095 
2097.674561 2097.620361 923.941772 923.963684 
2096.045166 2096.034180 923.230225 923.235535 
2094.299072 2094.339355 922.518188 922.539917 
2092.687988 2092.542725 921.725464 921.746521 
2090.906006 2090.862061 921.012939 921.033997 
2089.137451 2089.229004 920.203247 920.224487 
2087.541748 2087.420654 919.490967 919.512268 
2085.739258 2085.797363 918.795105 918.702820 
2084.178223 2084.199463 917.985413 918.005859 
2082.434082 2082.446045 917.272217 917.292786 
2080.716309 2080.651855 916.478271 916.498108 
2078.991943 2078.905029 915.764893 915.784180 
2077.310059 2077.175049 914.969604 914.988953 
2075.406006 2075.612793 914.255798 914.161682 
2073.883789 2073.852783 913.444641 913.447876 
2072.020020 2072.154297 912.731018 912.733704 
2070.366455 2070.281006 911.903381 911.922546 
2068.660400 2068.629883 911.205872 911.208008 
2066.947021 2066.852539 910.377991 910.380127 
2065.103760 2065.166748 909.647583 909.682373 
2063.434326 2063.351562 908.852783 908.854980 
2061.602783 2061.690674 908.138855 908.140442 
2059.955322 2059.915039 907.327026 907.344543 
2058.166260 2058.258301 906.628845 906.516846 
2056.391357 2056.476318 905.801392 905.802490 
2054.760742 2054.639404 905.087219 904.990845 
2052.943115 2052.874512 904.292053 904.292603 
2051.175537 2051.116943 903.464172 903.480591 
2049.418457 2049.481201 902.766052 902.766541 
2047.644775 2047.604858 901.938721 901.955078 
2045.912231 2045.854736 901.127686 901.208618 
2044.107422 2044.213867 900.397522 900.397156 
2042.357056 2042.450562 899.586487 899.601868 
2040.647827 2040.639648 898.872498 898.871765 
2038.760864 2038.878296 898.061584 898.093262 
2037.075928 2037.140503 897.267334 897.266235 
2035.258789 2035.255615 896.473083 896.455505 
2033.563354 2033.562378 895.743652 895.742188 
2031.755005 2031.747925 894.917236 894.915894 
2029.934082 2029.965698 894.107666 894.105408 
2028.132935 2028.160889 893.394775 893.392517 
2026.314453 2026.405396 892.585205 892.566284 
2024.621582 2024.539185 891.759460 891.772827 
2022.786377 2022.819214 890.950012 890.947327 
2021.088257 2021.070679 890.238403 890.235413 
2019.264771 2019.205688 889.429626 889.426208 
2017.459351 2017.480225 888.621277 888.601807 
2015.652710 2015.604248 887.797119 887.793579 
2013.836426 2013.858032 887.086304 887.082275 
2012.049194 2012.022583 886.278564 886.274414 
2010.269409 2010.219238 885.471313 885.467224 
2008.349976 2008.344116 884.664429 884.643921 
2006.639404 2006.606079 883.841797 883.853577 
2004.755981 2004.874390 883.052002 883.047119 
2003.023193 2003.019897 882.229980 882.240845 
2001.153442 2001.192505 881.424438 881.435364 
1999.315308 1999.372192 880.619507 880.614441 
1997.609009 1997.587769 879.912048 879.906372 
1995.787598 1995.792603 879.107727 879.101746 
1993.968506 1993.882690 878.303711 878.217102 
1992.033447 1992.110474 877.435913 877.413574 
1990.222900 1990.215820 876.600830 876.610413 
1988.421143 1988.458374 875.814453 875.824158 
1986.626465 1986.571655 875.028870 875.021973 
1984.829712 1984.752563 874.227478 874.220398 
1983.006470 1982.924805 873.426514 873.419250 
1981.125366 1981.071289 872.610046 872.619080 
1979.353882 1979.267334 871.826660 871.818787 
1977.507935 1977.460693 871.011047 871.034912 
1975.650269 1975.618042 870.227966 870.219666 
1973.799683 1973.841553 869.413574 869.421326 
1971.979858 1971.883545 868.631958 868.543518 
1970.152466 1970.105469 867.739197 867.730286 
1968.229736 1968.317139 866.926453 866.917358 
1966.402588 1966.421387 866.130310 866.121277 
1964.621826 1964.539795 865.334961 865.341370 
1962.716064 1962.674683 864.556213 864.562500 
1960.826782 1960.825317 863.667236 863.673340 
1959.066406 1958.989014 862.889648 862.895569 
1957.227417 1957.164307 862.096741 862.102417 
1955.364624 1955.359253 861.304443 861.294067 
1953.420288 1953.467163 860.402161 860.407349 
1951.595581 1951.543701 859.627258 859.632141 
1949.765015 1949.768433 858.821045 858.809998 
1947.925659 1947.874146 858.031555 858.020264 
1945.997559 1946.009033 857.148071 857.136536 
1944.207153 1944.188477 856.359802 856.332275 
1942.298340 1942.303955 855.540833 855.545105 
1940.442993 1940.399780 854.754517 854.742371 
1938.574585 1938.567261 853.874146 853.877319 
1936.703857 1936.765137 852.994385 853.075439 
1934.833252 1934.794800 852.193604 852.289917 
1932.970459 1933.036011 851.409485 851.393921 
1931.046631 1931.071045 850.623596 850.595154 
1929.237305 1929.260376 849.776550 849.782776 
1927.355347 1927.333740 848.979614 848.952820 
1925.497070 1925.522095 848.123596 848.147156 
1923.620117 1923.622803 847.285217 847.300232 
1921.788452 1921.715332 846.502991 846.504456 
1919.911011 1919.883545 845.605774 845.617676 
1918.047241 1918.025146 844.823975 844.832947 
1916.128296 1916.125244 844.040771 844.005981 
1914.242676 1914.293579 843.209229 843.207153 
1912.313477 1912.346191 842.309326 842.265686 
1910.473633 1910.496460 841.487976 841.563354 
1908.637207 1908.622437 840.628723 840.704956 
1906.765259 1906.699951 839.794495 839.848267 
1904.861084 1904.880005 839.074280 839.015869 
1902.999146 1902.921997 838.220581 838.163147 
1901.065186 1901.084595 837.369141 837.311646 
1899.188110 1899.180542 836.541077 836.461609 
1897.266113 1897.273682 835.691345 835.611023 
1895.449951 1895.393799 834.886169 834.916321 
1893.563721 1893.490234 834.013489 834.064331 
1891.676514 1891.625244 833.139893 833.189148 
1889.715576 1889.778198 832.288391 832.358276 
1887.892456 1887.856567 831.571045 831.505859 
1885.989258 1886.011108 830.742432 830.653442 
1884.123169 1883.993164 829.891724 829.844788 
1882.187378 1882.247070 829.039673 828.969666 
1880.205078 1880.186890 828.210449 828.252625 
1878.415283 1878.394165 827.339294 827.270752 
1876.305908 1876.547974 826.515686 826.580933 
1874.562988 1874.601685 825.694336 825.759949 
1872.768188 1872.668701 824.875000 824.919617 
1870.796387 1870.742065 824.014526 824.080566 
1868.885132 1868.803345 823.221313 823.155579 
1866.930664 1867.077393 822.363586 822.298279 
1865.021118 1865.185791 821.551880 821.465454 
1863.272461 1863.252686 820.720764 820.678284 
1861.193359 1861.380981 819.913330 819.830994 
1859.489990 1859.335205 819.067505 819.008545 
1857.435425 1857.507690 818.139038 818.210571 
1855.580566 1855.512451 817.320129 817.393127 
1853.762207 1853.765503 816.505615 816.558289 
1851.773438 1851.817383 815.692505 815.619202 
1849.820923 1849.903320 814.734009 814.810974 
1847.916870 1848.017578 813.926575 814.026062 
1845.993896 1846.008545 813.143250 813.099121 
1844.166992 1844.133179 812.365662 812.304749 
1842.318481 1842.282837 811.426758 811.493225 
1840.464233 1840.484619 810.637939 810.584229 
1838.478760 1838.530762 809.834045 809.785156 
1836.675903 1836.600220 808.935364 808.909973 
1834.721313 1834.589844 808.163452 808.121399 
1832.773682 1832.750366 807.276184 807.258240 
1830.962036 1830.897339 806.394775 806.498840 
1828.941895 1829.057739 805.637573 805.603821 
1827.074463 1827.094727 804.744568 804.734009 
1825.108398 1825.125732 803.995422 803.984131 
1823.355835 1823.182007 803.129333 803.101868 
1821.369995 1821.424316 802.268311 802.242981 
1819.470215 1819.535522 801.391113 801.405273 
1817.597900 1817.612549 800.556030 800.534058 
1815.683960 1815.738525 799.705444 799.800354 
1813.820557 1813.717285 798.955017 798.859009 
1811.790771 1811.897705 798.035156 798.112976 
1809.962158 1809.937500 797.176453 797.160156 
1808.018921 1808.128662 796.321106 796.362976 
1806.089111 1806.155640 795.526001 795.513367 
1804.285889 1804.195557 794.678467 794.666992 
1802.375366 1802.272217 793.833984 793.935181 
1800.488281 1800.386230 793.010376 792.999512 
1798.455688 1798.498047 792.188965 792.160156 
1796.598633 1796.647095 791.351562 791.360413 
1794.761230 1794.770386 790.553711 790.548218 
1792.801514 1792.806885 789.737793 789.673462 
1790.990723 1790.989380 788.854065 788.820312 
1789.069824 1789.086670 788.035950 787.980957 
1787.128662 1787.110840 787.180603 787.214539 
1785.224243 1785.235229 786.336548 786.343506 
1783.333374 1783.393555 785.540588 785.531555 
1781.495850 1781.383057 784.660645 784.686951 
1779.489380 1779.560059 783.815918 783.837646 
1777.676025 1777.594849 782.968445 782.998352 
1775.735107 1775.799927 782.204651 782.148010 
1773.835571 1773.752563 781.357422 781.309875 
1771.927979 1772.001709 780.533752 780.480286 
1770.017700 1770.106201 779.694702 779.629272 
1768.136108 1768.111450 778.845276 778.847412 
1766.255371 1766.286621 777.977905 777.998779 
1764.413940 1764.359497 777.130859 777.135986 
1762.468506 1762.432739 776.355591 776.355469 
1760.521484 1760.534912 775.501831 775.500854 
1758.725830 1758.687866 774.637146 774.620728 
1756.747192 1756.740601 773.784607 773.768555 
1754.894043 1754.891479 773.009338 773.004150 
1753.031738 1752.954224 772.160034 772.146240 
1751.103027 1751.054077 771.300171 771.346069 
1749.156860 1749.256958 770.503052 770.497437 
1747.356445 1747.369995 769.654968 769.620056 
1745.450317 1745.422363 768.852783 768.836670 
1743.507568 1743.563965 767.982483 767.951904 
1741.687622 1741.616455 767.188232 767.158203 
1739.759033 1739.791138 766.320251 766.350403 
1737.875977 1737.880005 765.514832 765.469788 
1735.985107 1736.014648 764.638184 764.693115 
1734.105591 1734.149048 763.863892 763.819031 
1732.259033 1732.231445 762.980469 763.022461 
1730.359619 1730.364868 762.136292 762.176331 
1728.500366 1728.497925 761.341919 761.322388 
1726.565674 1726.616699 760.492065 760.543030 
1724.722046 1724.697998 759.650391 759.672485 
1722.822388 1722.791016 758.847107 758.864319 
1720.940918 1720.940796 758.026978 758.040466 
1719.096802 1719.059204 757.195740 757.188171 
1717.196411 1717.205566 756.355530 756.345337 
1715.276733 1715.327271 755.499023 755.580566 
1713.432983 1713.460938 754.720276 754.717346 
1711.536865 1711.553345 753.857056 753.921204 
1709.707275 1709.663086 753.075867 753.055908 
1707.801025 1707.821777 752.212463 752.205078 
1705.963745 1705.954712 751.363159 751.437134 
1704.032959 1704.047974 750.597290 750.575073 
1702.191284 1702.232788 749.724426 749.783569 
1700.323608 1700.305176 748.948425 748.938538 
1698.457520 1698.489258 748.105591 748.081726 
1696.628906 1696.628418 747.237732 747.308289 
1694.757935 1694.751709 746.480408 746.456238 
1692.850830 1692.879517 745.644348 745.620178 
1691.045288 1691.033691 744.877808 744.852783 
1689.138672 1689.138550 744.032410 744.020447 
1687.316040 1687.262085 743.202393 743.163330 
1685.421509 1685.411011 742.347900 742.402039 
1683.584839 1683.556641 741.588989 741.563232 
1681.751587 1681.739746 740.739624 740.713440 
1679.869873 1679.888428 739.892517 739.958984 
1678.022095 1678.025879 739.140564 739.127136 
1676.145996 1676.187500 738.311340 738.297913 
1674.340820 1674.338379 737.511169 737.471069 
1672.489380 1672.404907 736.673889 736.647339 
1670.572998 1670.605713 735.852966 735.825500 
1668.790771 1668.776978 735.033875 735.071350 
1666.923096 1666.876587 734.204590 734.254639 
1665.097168 1665.014282 733.455566 733.440613 
1663.263428 1663.182129 732.566956 732.642090 
1661.440674 1661.294312 731.771667 731.833374 
1659.528809 1659.497192 730.952881 730.937073 
1657.688232 1657.697021 730.149231 730.209900 
1655.849609 1655.912231 729.348389 729.395508 
1654.032349 1654.036499 728.549744 728.533081 
1652.113281 1652.163452 727.753723 727.737366 
1650.363647 1650.456299 726.973389 726.969299 
1648.456299 1648.546875 726.132874 726.178040 
1646.723022 1646.671631 725.333008 725.315125 
1644.829834 1644.815308 724.560059 724.529480 
1642.961060 1642.978027 723.715027 723.684143 
1641.121094 1641.166870 722.922424 722.904053 
1639.310913 1639.382080 722.145325 722.125977 
1637.524780 1637.674927 721.308655 721.362732 
1635.813843 1635.770264 720.524048 720.492310 
1633.881958 1634.009766 719.754761 719.722473 
1632.134399 1632.170410 718.902710 718.954895 
1630.350342 1630.397461 718.138306 718.105103 
1628.567139 1628.577148 717.304443 717.344116 
1626.775879 1626.691528 716.546265 716.512390 
1624.913086 1624.792114 715.718079 715.755981 
1622.999023 1623.097168 714.976929 714.918884 
1621.400024 1621.278564 714.131104 714.179565 
1619.569946 1619.430176 713.383301 713.348083 
1617.788940 1617.704834 712.554993 712.602234 
1615.920410 1615.980591 711.741455 711.776306 
1614.086060 1614.128174 711.001648 710.977295 
1612.347656 1612.305298 710.182556 710.227905 
1610.551636 1610.585205 709.436890 709.423401 
1608.813599 1608.821411 708.613098 708.620728 
1606.994385 1606.904663 707.845825 707.798584 
1605.180054 1605.210571 707.047363 707.029602 
1603.422241 1603.463501 706.269104 706.239746 
1601.661499 1601.551147 705.497314 705.467957 
1599.926270 1599.874023 704.729919 704.699646 
1598.024414 1597.981812 703.947327 703.914734 
1596.104614 1596.339233 703.083618 703.146606 
1594.596558 1594.590576 702.387451 702.355713 
1592.680664 1592.833252 701.532532 701.596619 
1591.069946 1590.999390 700.777710 700.826904 
1589.252808 1589.164673 700.011292 699.966980 
1587.399902 1587.520386 699.248840 699.203735 
1585.760986 1585.632324 698.487915 698.456238 
1583.774048 1584.023804 697.729980 697.697449 
1582.262207 1582.177490 696.907776 696.954346 
1580.473022 1580.117310 696.153931 696.187927 
1578.501465 1578.713501 695.404053 695.371277 
1576.636597 1576.795532 694.603821 694.570374 
1575.186890 1574.905884 693.858215 693.838135 
1573.301636 1573.489746 693.076599 693.030029 
1571.443115 1571.779663 692.258606 692.302979 
1570.077393 1569.983643 691.521729 691.552490 
1568.234131 1568.255005 690.799683 690.752808 
1566.591187 1566.579712 689.990417 690.033020 
1564.754150 1564.707397 689.260071 689.213135 
1563.101196 1563.058960 688.456360 688.498413 
1561.281860 1561.253174 687.744812 687.697998 
1559.576904 1559.651245 686.959595 686.987915 
1557.929321 1557.912109 686.226685 686.191711 
1556.197144 1556.159668 685.433411 685.486389 
1554.423828 1554.423828 684.717957 684.695068 
1552.707520 1552.703491 683.954895 683.907593 
1550.974976 1551.021851 683.182861 683.221924 
1549.259766 1549.312500 682.462402 682.439026 
1547.561768 1547.656738 681.682434 681.720947 
1545.899170 1545.855957 680.893066 680.931091 
1544.227173 1544.195801 680.192871 680.157471 
1542.571045 1542.543701 679.434021 679.471008 
1540.792480 1540.788330 678.662659 678.687500 
1539.178711 1539.153687 677.968506 677.943237 
1537.430054 1537.403076 677.219604 677.235291 
1535.820801 1535.792358 676.479553 676.464478 
1534.097046 1534.065308 675.695435 675.735779 
1532.364990 1532.372925 674.944702 674.932312 
1530.692993 1530.657471 674.278564 674.187378 
1529.000854 1529.094971 673.536499 673.525940 
1527.419312 1527.391602 672.785461 672.775146 
1525.711792 1525.651123 672.038147 672.028259 
1523.925903 1523.977661 671.307068 671.309631 
1522.253540 1522.321899 670.565247 670.555664 
1520.630737 1520.686523 669.827026 669.830322 
1518.997803 1519.113403 669.104614 669.095032 
1517.460205 1517.405029 668.358887 668.374817 
1515.725464 1515.704590 667.641296 667.644592 
1514.054077 1514.091553 666.914001 666.929749 
1512.421265 1512.410400 666.201843 666.204468 
1510.760376 1510.730957 665.466003 665.481934 
1509.202026 1509.149170 664.758911 664.762085 
1507.553833 1507.459106 664.054260 664.044189 
1505.934082 1505.804932 663.263733 663.341919 
1504.284668 1504.210571 662.626709 662.555176 
1502.696655 1502.603638 661.855042 661.845825 
1500.959717 1501.032227 661.148560 661.163940 
1499.392334 1499.343628 660.431824 660.434814 
1497.825806 1497.765503 659.741638 659.732727 
1496.118652 1496.219482 659.042725 659.033569 
1494.571045 1494.588623 658.346802 658.265808 
1492.919678 1492.960449 657.568481 657.572266 
1491.289429 1491.333984 656.889526 656.881226 
1489.701172 1489.762085 656.200684 656.191833 
1488.107544 1488.188232 655.502319 655.505127 
1486.529175 1486.521606 654.746521 654.749634 
1484.972778 1484.983032 654.090088 654.093201 
1483.319214 1483.349365 653.401062 653.403259 
1481.791748 1481.736572 652.667053 652.668945 
1480.172241 1480.159302 652.006958 652.008606 
1478.588257 1478.662476 651.255676 651.256409 
1477.001953 1476.988892 650.600403 650.600891 
1475.417358 1475.439209 649.866882 649.936768 
1473.867432 1473.903320 649.205444 649.204529 
1472.331299 1472.281006 648.476929 648.476379 
1470.812134 1470.778564 647.821533 647.831055 
1469.205933 1469.173462 647.179321 647.165771 
1467.602051 1467.677734 646.448914 646.446472 
1466.110840 1466.117432 645.801697 645.798340 
1464.554932 1464.571899 645.076355 645.072266 
1463.010010 1463.027344 644.444885 644.440613 
1461.470337 1461.447632 643.737976 643.732361 
1459.897217 1459.946411 643.023132 643.028992 
1458.397583 1458.369873 642.400452 642.383545 
1456.823730 1456.902588 641.703003 641.685242 
1455.358032 1455.343750 640.997925 641.056335 
1453.791504 1453.821167 640.383606 640.375854 
1452.247192 1452.313599 639.696472 639.699158 
1450.720703 1450.778320 639.011414 638.991516 
1449.302490 1449.278809 638.318970 638.374390 
1447.745239 1447.765991 637.704102 637.704834 
1446.226562 1446.291626 637.028320 637.007141 
1444.735840 1444.749268 636.355164 636.343689 
1443.280640 1443.293335 635.684692 635.737610 
1441.702515 1441.766968 635.039246 635.070679 
1440.263184 1440.242920 634.427734 634.416443 
1438.739258 1438.773682 633.755066 633.754578 
1437.253662 1437.301758 633.108276 633.097534 
1435.754517 1435.848999 632.454468 632.433533 
1434.303955 1434.289062 631.814087 631.803406 
1432.838501 1432.850586 631.166626 631.155884 
1431.398438 1431.355469 630.521790 630.510071 
1429.967529 1429.957642 629.817993 629.868164 
1428.482056 1428.405518 629.230591 629.219910 
1426.923950 1427.040894 628.544678 628.583618 
1425.551270 1425.538452 627.912476 627.892029 
1424.037231 1424.057983 627.273621 627.262939 
1422.638916 1422.694092 626.647095 626.636353 
1421.141724 1421.211182 626.024292 626.033752 
1419.803467 1419.793213 625.405396 625.394897 
1418.274536 1418.372070 624.720947 624.768982 
1416.822266 1416.920288 624.116516 624.105408 
1415.542236 1415.456177 623.505615 623.485840 
1414.072876 1414.011963 622.831909 622.879578 
1412.637085 1412.638062 622.228149 622.227783 
1411.202393 1411.236084 621.579895 621.636353 
1409.836792 1409.876465 620.981934 620.962646 
1408.440063 1408.369019 620.387634 620.377136 
1407.053589 1407.054688 619.739868 619.785950 
1405.561035 1405.561890 619.151855 619.142090 
1404.269897 1404.278198 618.511658 618.557251 
1402.862793 1402.880127 617.930481 617.911804 
1401.433350 1401.395386 617.297546 617.288086 
1400.015381 1400.096924 616.668030 616.713074 
1398.620605 1398.637817 616.095764 616.086487 
1397.301514 1397.335938 615.472473 615.463135 
1395.985229 1395.992310 614.852905 614.896729 
1394.567261 1394.531982 614.298279 614.280090 
1393.255859 1393.183350 613.675415 613.666077 
1391.853027 1391.815430 613.064514 613.107971 
1390.525024 1390.452759 612.518188 612.509216 
1389.158081 1389.110718 611.914185 611.913818 
1387.771729 1387.863525 611.313354 611.304565 
1386.509888 1386.457886 610.715637 610.698303 
1385.125488 1385.192383 610.103577 610.094971 
1383.791870 1383.851685 609.563843 609.555359 
1382.385742 1382.426270 608.975464 608.966858 
1381.198486 1381.087524 608.390381 608.381714 
1379.839355 1379.868530 607.807861 607.791077 
1378.572266 1378.564453 607.236755 607.220154 
1377.262573 1377.190063 606.652222 606.635803 
1375.920044 1375.936768 606.078918 606.071106 
1374.570679 1374.626953 605.508545 605.492798 
1373.368408 1373.375732 604.941589 604.925354 
1372.073120 1372.043579 604.360657 604.345337 
1370.738647 1370.743164 603.800232 603.784790 
1369.430054 1369.372681 603.233887 603.234985 
1368.087769 1368.213135 602.630676 602.672058 
1366.886963 1366.958740 602.079651 602.073181 
1365.664673 1365.605225 601.531555 601.525024 
1364.404053 1364.418213 600.977478 600.971375 
1363.109619 1363.051514 600.434814 600.436584 
1361.891846 1361.879761 599.848572 599.842468 
1360.598633 1360.638428 599.311829 599.313965 
1359.347168 1359.308716 598.785828 598.772400 
1358.120117 1358.110840 598.239014 598.233398 
1356.853516 1356.868286 597.672302 597.651733 
1355.656250 1355.572510 597.131653 597.133972 
1354.437134 1354.366577 596.563660 596.596558 
1353.170288 1353.199097 596.036926 596.024841 
1351.967407 1351.961060 595.513245 595.501587 
1350.706665 1350.756226 594.992615 594.980774 
1349.579346 1349.529175 594.429688 594.462341 
1348.323730 1348.306641 593.921875 593.917358 
1347.128540 1347.160034 593.365295 593.404724 
1345.970825 1345.926758 592.855652 592.858643 
1344.749390 1344.766846 592.313232 592.308533 
1343.598267 1343.559570 591.808899 591.796875 
1342.366821 1342.393677 591.265137 591.310242 
1341.226196 1341.229492 590.774048 590.768738 
1340.059570 1340.023315 590.243530 590.238281 
1338.877197 1338.879639 589.758484 589.752930 
1337.710693 1337.681885 589.233887 589.228149 
1336.569092 1336.548462 588.712402 588.699524 
1335.375488 1335.396851 588.187317 588.222717 
1334.250366 1334.264404 587.713013 587.700256 
1333.113892 1333.089966 587.193787 587.194702 
1331.940796 1331.957031 586.684326 586.671875 
1330.823364 1330.822021 586.211975 586.213013 
1329.709351 1329.700806 585.708740 585.696289 
1328.577637 1328.555420 585.202026 585.196533 
1327.425293 1327.454590 584.705078 584.699829 
1326.343994 1326.316528 584.211243 584.206116 
1325.202515 1325.221436 583.720642 583.715515 
1324.126953 1324.096313 583.239685 583.228149 
1323.019775 1323.007446 582.749084 582.743958 
1321.900879 1321.933228 582.261414 582.256165 
1320.817749 1320.824463 581.776855 581.771729 
1319.722778 1319.743774 581.301941 581.296631 
1318.668091 1318.647217 580.830200 580.818604 
1317.588745 1317.565552 580.355469 580.350037 
1316.494385 1316.501709 579.896240 579.890503 
1315.441284 1315.438232 579.427490 579.421875 
1314.363281 1314.371460 578.931763 578.962524 
1313.310791 1313.263550 578.469971 578.494507 
1312.278320 1312.280884 578.011780 577.999939 
1311.225464 1311.195312 577.556580 577.544556 
1310.165771 1310.137573 577.098633 577.098450 
1309.154419 1309.146484 576.655762 576.649536 
1308.096680 1308.093384 576.174805 576.203552 
1307.084351 1307.061035 575.732666 575.731995 
1306.045776 1306.068359 575.293579 575.287109 
1305.054321 1305.036377 574.829163 574.845398 
1304.031982 1303.999756 574.391296 574.373169 
1303.029541 1303.022217 573.961975 573.949341 
1301.980713 1302.015503 573.496582 573.494995 
1301.034058 1301.023682 573.079102 573.077332 
1300.000732 1300.026855 572.637146 572.629639 
1299.040771 1299.034668 572.193115 572.179810 
1298.044678 1298.015503 571.747131 571.777161 
1297.081299 1297.080444 571.342407 571.334229 
1296.111572 1296.116943 570.897766 570.894653 
1295.153687 1295.141357 570.467285 570.490479 
1294.179810 1294.195923 570.034546 570.057251 
1293.234497 1293.206787 569.642029 569.632996 
1292.282349 1292.281982 569.215942 569.206726 
1291.343018 1291.309204 568.793579 568.784058 
1290.361328 1290.372559 568.379517 568.395203 
1289.422363 1289.429932 567.953552 567.979004 
1288.513062 1288.526855 567.576050 567.565552 
1287.563599 1287.588501 567.161621 567.156128 
1286.659058 1286.686157 566.759949 566.748962 
1285.770874 1285.751709 566.356934 566.345886 
1284.855347 1284.859009 565.962219 565.941467 
1283.921265 1283.948486 565.561157 565.549927 
1283.068115 1283.044922 565.167969 565.156677 
1282.135742 1282.149536 564.749573 564.771301 
1281.280029 1281.264282 564.367554 564.356262 
1280.393433 1280.389404 563.984070 563.967834 
1279.489868 1279.503906 563.603149 563.591919 
1278.644165 1278.627075 563.198547 563.219238 
1277.780518 1277.759766 562.829224 562.840515 
1276.922119 1276.924561 562.453857 562.442505 
1276.063354 1276.048340 562.059326 562.074768 
1275.189087 1275.211548 561.690308 561.705322 
1274.345215 1274.355225 561.328735 561.317383 
1273.513794 1273.527588 560.948547 560.958984 
1272.691650 1272.679077 560.588928 560.577576 
1271.861572 1271.864502 560.210449 560.220520 
1271.029175 1271.037720 559.856750 559.870972 
1270.221436 1270.208252 559.510559 559.495056 
1269.399536 1269.396973 559.142029 559.126709 
1268.608887 1268.588867 558.793457 558.786377 
1267.804810 1267.797852 558.431580 558.420410 
1266.984741 1266.991577 558.072815 558.085999 
1266.195190 1266.217407 557.741577 557.730408 
1265.412842 1265.422974 557.392822 557.377686 
1264.641357 1264.631714 557.039673 557.052063 
1263.858521 1263.866699 556.693481 556.705811 
1263.086060 1263.093262 556.346802 556.358765 
1262.317261 1262.325806 556.026306 556.015137 
1261.582520 1261.563354 555.693298 555.681824 
1260.828003 1260.826538 555.359436 555.370422 
1260.082886 1260.082031 555.025696 555.039673 
1259.333130 1259.337524 554.698914 554.711548 
1258.589722 1258.590942 554.371704 554.379639 
1257.858032 1257.865723 554.051147 554.061096 
1257.128418 1257.140747 553.733154 553.738037 
1256.410522 1256.426147 553.421997 553.425354 
1255.704834 1255.696045 553.114319 553.116089 
1255.002441 1254.991577 552.781311 552.781372 
1254.295776 1254.284058 552.476196 552.478027 
1253.588501 1253.594604 552.170898 552.167480 
1252.898682 1252.897339 551.868713 551.866577 
1252.212158 1252.206421 551.572876 551.565369 
1251.526978 1251.539917 551.276733 551.267395 
1250.850952 1250.864868 550.964722 550.976074 
1250.191406 1250.188354 550.682495 550.671570 
1249.524170 1249.515137 550.377930 550.383179 
1248.856201 1248.853027 550.098267 550.100342 
1248.219849 1248.206543 549.805786 549.798157 
1247.563354 1247.565430 549.526184 549.518188 
1246.917847 1246.923584 549.234741 549.244446 
1246.269897 1246.293579 548.964661 548.948669 
1245.646606 1245.650879 548.679565 548.680725 
1245.017578 1245.010254 548.399780 548.393799 
1244.415405 1244.417236 548.136169 548.133118 
1243.798096 1243.783691 547.857605 547.867188 
1243.184082 1243.197388 547.585510 547.593506 
1242.592773 1242.581543 547.335938 547.323059 
1241.990234 1241.989014 547.065918 547.072571 
1241.389404 1241.401001 546.802185 546.808472 
1240.819214 1240.812134 546.554932 546.544556 
1240.233276 1240.243164 546.286133 546.292114 
1239.666138 1239.654419 546.033997 546.040039 
1239.090210 1239.077271 545.798157 545.785461 
1238.523682 1238.534180 545.546326 545.539124 
1237.955566 1237.949463 545.303162 545.293457 
1237.407227 1237.417480 545.060303 545.050720 
1236.857788 1236.875732 544.802673 544.808411 
1236.322388 1236.339722 544.581177 544.571838 
1235.798828 1235.805054 544.347290 544.340576 
1235.262207 1235.258667 544.104248 544.109741 
1234.760254 1234.748901 543.876404 543.881897 
1234.238770 1234.233643 543.651489 543.656860 
1233.722656 1233.707397 543.432007 543.423279 
1233.207520 1233.204590 543.210510 543.201904 
1232.720093 1232.705444 542.982849 542.988159 
1232.230835 1232.214233 542.767395 542.772583 
1231.736938 1231.734375 542.557007 542.548828 
1231.241211 1231.249023 542.336060 542.341187 
1230.770508 1230.783813 542.131531 542.136536 
1230.310303 1230.303223 541.914734 541.919617 
1229.838257 1229.834106 541.715820 541.720642 
1229.392944 1229.382446 541.515442 541.520203 
1228.924683 1228.931763 541.309509 541.314148 
1228.488281 1228.477539 541.111145 541.115784 
1228.035156 1228.048584 540.920837 540.925354 
1227.611572 1227.605103 540.727112 540.731628 
1227.165527 1227.168213 540.541565 540.545959 
1226.762573 1226.760254 540.356689 540.361023 
1226.344727 1226.323486 540.174683 540.179016 
1225.917114 1225.915649 539.995422 539.986694 
1225.511841 1225.516724 539.806274 539.810547 
1225.109741 1225.123413 539.630737 539.634888 
1224.724365 1224.720825 539.462219 539.466309 
1224.327637 1224.324219 539.294189 539.286072 
1223.939941 1223.954712 539.120911 539.124878 
1223.579834 1223.564087 538.956177 538.960083 
1223.203857 1223.196289 538.798218 538.790527 
1222.840942 1222.838745 538.633484 538.637329 
1222.476929 1222.473633 538.467957 538.471741 
1222.121582 1222.130127 538.318176 538.321960 
1221.777100 1221.781982 538.158325 538.162048 
1221.440063 1221.425659 538.013977 538.017578 
1221.103882 1221.093628 537.861572 537.865173 
1220.770020 1220.765381 537.722412 537.714050 
1220.439941 1220.435059 537.582458 537.575928 
1220.120972 1220.127197 537.436951 537.440430 
1219.810547 1219.814331 537.303955 537.299377 
1219.503540 1219.505737 537.165710 537.169006 
