0.000000 0.000000 0.000000 0.000000 
0.000000 0.000000 0.000000 0.000000 
0.000000 0.000000 0.000000 0.000000 
0.000000 0.000000 0.000000 0.000000 
0.000000 0.000000 0.000000 0.000000 
0.000000 0.000000 0.000000 0.000000 
0.000000 0.000000 0.000000 0.000000 
0.000000 0.000000 0.000000 0.000000 
0.000000 0.000000 0.000000 0.000000 
0.000000 0.000000 0.000000 0.000000 
0.000000 0.000000 0.000000 0.000000 
0.000000 0.000000 0.000000 0.000000 
0.000000 0.000000 0.000000 0.000000 
0.000000 0.000000 0.000000 0.000000 
0.000000 0.000000 0.000000 0.000000 
0.000000 0.000000 0.000000 0.000000 
0.000000 0.000000 0.000000 0.000000 
0.000000 0.000000 0.000000 0.000000 
0.000000 0.000000 0.000000 0.000000 
0.000000 0.000000 0.000000 0.000000 
1618.949707 1618.949707 652.732544 652.732544 
1619.621582 1619.611572 652.732544 652.732544 
1621.410156 1621.333984 653.418152 653.420959 
1623.098877 1623.140381 654.164185 654.166992 
1624.837646 1624.949219 654.862976 654.865845 
1626.594482 1626.650391 655.564880 655.567749 
1628.305054 1628.331665 656.263428 656.266296 
1630.102539 1630.089844 657.003540 657.006409 
1631.794922 1631.812500 657.700806 657.703552 
1633.610596 1633.551758 658.333740 658.336487 
1635.301636 1635.337891 659.072388 659.075073 
1637.107422 1637.107178 659.733398 659.736084 
1638.811401 1638.800781 660.516357 660.518921 
1640.517822 1640.522827 661.132629 661.135193 
1642.319458 1642.396484 661.980896 661.831421 
1644.133423 1644.103394 662.633240 662.635742 
1645.862793 1645.876709 663.272034 663.274475 
1647.578857 1647.503906 663.977478 663.979919 
1649.258789 1649.288574 664.653809 664.656250 
1651.125000 1651.049927 665.372803 665.375244 
1652.895142 1652.775269 666.096985 666.099426 
1654.506714 1654.518433 666.782410 666.782043 
1656.291138 1656.261841 667.490417 667.492859 
1658.056152 1658.083496 668.195068 668.197266 
1659.747681 1659.819336 668.907776 668.909607 
1661.557495 1661.528320 669.610107 669.611633 
1663.248169 1663.292969 670.317505 670.318665 
1664.985229 1665.016724 671.006714 671.007507 
1666.764771 1666.845337 671.734863 671.737854 
1668.578125 1668.483398 672.415222 672.417847 
1670.360352 1670.374390 673.119873 673.121948 
1671.985596 1671.993530 673.834351 673.835876 
1673.866089 1673.840454 674.538635 674.539734 
1675.527832 1675.520630 675.256592 675.259766 
1677.321777 1677.277222 675.953003 675.963623 
1679.011353 1678.965332 676.681641 676.658752 
1680.795898 1680.807739 677.350586 677.368286 
1682.681519 1682.502441 678.085205 678.061829 
1684.391235 1684.304443 678.790710 678.807800 
1686.200317 1686.162354 679.510254 679.526733 
1687.717529 1687.769531 680.213013 680.228760 
1689.902344 1689.741577 680.916443 680.932007 
1691.667236 1691.228516 681.582947 681.598755 
1693.503418 1693.369507 682.314758 682.331360 
1695.154175 1695.193726 683.066711 682.983215 
1696.416992 1696.953857 683.738281 683.755676 
1698.313965 1698.341309 684.485840 684.382568 
1699.997192 1700.126587 685.117310 685.136047 
1701.773193 1702.114380 685.889954 685.806519 
1703.539185 1703.912109 686.497375 686.517151 
1705.533691 1705.112061 687.268494 687.285950 
1707.121460 1707.014160 687.908081 687.922241 
1708.902466 1708.997437 688.698059 688.712158 
1710.670166 1710.645264 689.344360 689.358398 
1712.443237 1712.520020 690.136475 690.150269 
1714.397339 1714.100220 690.874146 690.887939 
1715.632812 1715.820923 691.400757 691.414429 
1717.951904 1717.351562 692.247864 692.261230 
1719.217896 1719.437744 692.892944 692.906372 
1720.844360 1721.102783 693.500427 693.513672 
1722.552490 1723.008057 694.525940 694.539124 
1724.768188 1724.672241 695.126709 695.139587 
1726.403687 1726.330322 695.778687 695.791382 
1727.999023 1728.005371 696.436462 696.448364 
1729.862061 1729.653809 697.046997 697.058899 
1731.379761 1731.466553 697.976624 697.987244 
1733.262817 1733.115967 698.650085 698.659973 
1735.157104 1735.218628 699.324829 699.334106 
1736.574463 1736.679443 700.001282 700.010010 
1738.423950 1738.450562 700.621338 700.629395 
1740.117798 1740.139893 701.271179 701.278809 
1741.920044 1742.104370 702.152893 702.160217 
1743.788086 1743.741089 702.707764 702.714905 
1745.413818 1745.613037 703.434875 703.441833 
1747.014160 1747.080933 704.032104 704.039062 
1748.906982 1748.958740 704.907898 704.914917 
1750.733643 1750.564453 705.695496 705.399963 
1752.325439 1752.168335 706.291565 706.299194 
1754.159302 1753.929199 706.874023 706.881775 
1756.268677 1755.838989 707.574402 707.582336 
1757.317505 1757.412109 708.182983 708.190918 
1759.011963 1759.193481 709.094971 709.103271 
1761.218506 1761.070923 709.755127 709.763916 
1762.823730 1762.524902 710.349548 710.358521 
1764.391235 1764.368530 710.984619 710.993774 
1766.049561 1766.278076 711.919861 711.929077 
1767.776367 1767.736572 712.513611 712.523010 
1769.650024 1769.625977 713.209534 713.219055 
1771.427734 1771.133789 713.809998 713.819641 
1773.434692 1772.885132 714.711914 714.721802 
1774.495117 1774.684082 715.416626 715.426697 
1776.365112 1776.397339 716.021606 716.031738 
1777.942261 1778.199219 716.609070 716.619446 
1779.741089 1779.877686 717.236328 717.246765 
1781.579224 1781.512695 718.159790 718.170288 
1783.377197 1783.605957 718.742310 718.752869 
1785.154297 1785.038086 719.373657 719.384216 
1786.907227 1786.881104 720.009460 720.019958 
1788.696045 1788.209106 720.645630 720.656189 
1790.250000 1790.147583 721.581421 721.592041 
1791.766235 1792.084473 722.215881 722.226562 
1793.402344 1793.409546 722.832642 722.843323 
1795.485352 1795.351074 723.404358 723.415039 
1797.116943 1797.299194 724.315369 724.326050 
1798.943726 1798.529663 724.895569 724.906250 
1800.577393 1800.485474 725.524658 725.535339 
1802.155762 1801.823730 726.156372 726.167114 
1803.862061 1803.781006 727.036194 727.046936 
1805.370117 1805.739990 727.674744 727.685486 
1807.160889 1807.081299 728.264160 728.274902 
1808.988892 1808.940552 729.166443 729.177246 
1810.751587 1810.900391 729.784851 729.795776 
1812.270142 1812.140625 730.359192 730.370117 
1814.101074 1814.205566 730.983215 730.994141 
1815.524414 1815.444092 731.609802 731.620605 
1817.200073 1817.296509 732.483276 732.493774 
1818.828003 1819.356934 733.116943 733.127380 
1820.587891 1820.592407 733.754089 733.764526 
1822.217163 1822.544434 734.394409 734.404846 
1823.984985 1823.884277 735.251465 735.261841 
1825.846558 1825.735352 735.826721 735.837097 
1827.387573 1827.176147 736.452820 736.463257 
1828.941772 1829.022949 737.033875 737.044250 
1830.942627 1830.974243 737.966675 737.977051 
1832.495239 1832.204224 738.609802 738.620056 
1834.081299 1834.148438 739.205627 739.215820 
1835.632446 1836.187378 739.853333 739.863525 
1837.392456 1837.409302 740.453125 740.463318 
1839.476196 1839.343018 741.099976 741.110168 
1840.712280 1840.566406 742.015259 742.025513 
1842.667114 1842.607910 742.645264 742.655518 
1843.903564 1844.445435 743.277344 743.287598 
1845.859253 1845.770386 743.863037 743.873291 
1847.196899 1847.607788 744.450745 744.461060 
1849.161621 1849.037720 745.090088 745.100464 
1851.044922 1850.983521 745.979370 745.989685 
1852.512695 1852.219849 746.623962 746.634399 
1854.400146 1854.201782 747.220764 747.231262 
1855.764404 1855.557251 747.854553 747.865112 
1857.653809 1857.536621 748.428467 748.438965 
1859.025391 1858.783081 749.389038 749.399658 
1861.022705 1860.755127 750.017151 750.027893 
1862.286011 1862.620850 750.598999 750.609741 
1864.298950 1863.969727 751.134155 751.144897 
1865.682373 1865.840332 751.817261 751.828064 
1867.093018 1867.198853 752.453613 752.464417 
1869.199951 1869.325928 753.091675 753.102478 
1870.540039 1870.527832 754.027344 754.038147 
1872.111816 1872.073975 754.373047 754.383789 
1874.239990 1873.516235 755.238342 755.249023 
1875.465820 1875.630493 755.807800 755.818542 
1877.020630 1876.962769 756.379333 756.389954 
1878.353027 1879.171021 757.288452 757.299072 
1880.458008 1880.495850 757.913452 757.923950 
1881.897583 1881.931152 758.493347 758.503784 
1883.333984 1883.253540 759.122559 759.132996 
1885.430176 1885.452515 759.656067 759.666443 
1886.752930 1886.879639 760.288635 760.299011 
1888.188477 1888.194946 760.971802 760.981995 
1890.280518 1890.280640 761.558716 761.568909 
1891.603516 1891.592896 762.459229 762.469299 
1893.032104 1893.015747 762.906982 762.900330 
1895.116943 1895.090210 763.685791 763.695679 
1896.429199 1896.395264 764.208008 764.217834 
1897.742554 1897.808472 764.826294 764.836060 
1899.927856 1899.756226 765.494324 765.504089 
1901.346802 1901.163330 766.068787 766.078308 
1902.655884 1902.568237 766.981140 766.702209 
1904.070923 1904.622192 767.559082 767.568481 
1906.134888 1906.025024 768.186890 768.196167 
1907.435547 1907.425659 768.765442 768.774780 
1908.950684 1909.357788 769.370300 769.379517 
1910.893921 1910.859375 769.974060 769.983154 
1912.293579 1912.141479 770.580261 770.589172 
1913.583008 1914.168335 771.470093 771.478943 
1915.621826 1915.443970 772.034546 772.043396 
1917.013184 1916.823730 772.646484 772.655273 
1918.402832 1918.832397 773.213684 773.222351 
1920.319946 1920.203003 773.829590 773.838257 
1921.647705 1921.465088 774.399414 774.408020 
1923.322021 1923.406372 774.970459 774.978943 
1924.863037 1924.530518 775.590576 775.598999 
1926.180054 1926.138672 776.203735 776.212036 
1927.817627 1927.896729 777.027100 777.035400 
1929.382568 1929.521118 777.578247 777.586487 
1930.978516 1930.726074 778.223450 778.231689 
1932.268555 1932.362427 778.778137 778.786377 
1933.823486 1933.946411 779.380798 779.389038 
1935.436401 1935.502930 779.938171 779.946411 
1937.058716 1937.120361 780.823364 780.831604 
1938.665039 1938.742798 781.430298 781.438660 
1940.145630 1940.023926 781.992188 782.000610 
1941.611328 1941.816528 782.602478 782.610840 
1943.079712 1943.271851 783.212891 783.221375 
1944.550659 1944.728882 783.759277 783.767883 
1946.356201 1946.187866 784.299377 784.308044 
1947.748901 1947.637329 785.112976 785.121887 
1949.341675 1949.093018 785.658081 785.667114 
1950.733276 1950.613770 786.249084 786.258301 
1952.140869 1952.328491 786.796509 786.805969 
1953.739014 1953.731323 787.435974 787.445740 
1955.419434 1955.325562 787.985779 787.995667 
1956.843384 1956.620605 788.582642 788.592712 
1958.218994 1958.423096 789.180603 789.190979 
1959.984985 1959.795410 789.779114 789.789612 
1961.424194 1961.171997 790.378540 790.389282 
1962.813110 1962.605957 790.922729 790.933716 
1964.261841 1964.377686 791.718018 791.729248 
1965.609253 1965.822876 792.338440 792.349976 
1967.403320 1967.166992 792.826965 792.838745 
1968.847900 1968.564331 793.452026 793.463745 
1970.303345 1969.989258 793.987427 793.999451 
1971.828369 1971.497803 794.569824 794.582031 
1973.265137 1972.958618 795.107605 795.119995 
1974.407593 1974.442993 795.690979 795.703552 
1975.973389 1975.941284 796.274780 796.287537 
1977.476562 1977.503174 796.859192 796.872131 
1978.980103 1979.003296 797.579773 797.592712 
1980.553101 1980.505615 798.255554 798.268433 
1981.707520 1982.077148 798.750183 798.763123 
1983.231812 1983.231079 799.356995 799.370056 
1984.697021 1984.755127 799.917358 799.930420 
1986.227295 1986.220459 800.436096 800.449280 
1987.762939 1987.750610 801.043030 801.056213 
1988.936646 1988.913330 801.568481 801.581543 
1990.479248 1990.459961 802.407837 802.110657 
1992.096313 1992.003174 802.717224 802.730286 
1993.213745 1993.187012 803.250427 803.263367 
1994.832764 1994.739014 803.829041 803.841797 
1996.020142 1996.356689 804.676392 804.688965 
1997.581421 1997.542358 805.215027 805.227356 
1999.208740 1999.099243 805.753235 805.540527 
2000.398926 2000.282593 806.112793 806.124939 
2002.026855 2001.907593 806.919128 806.930969 
2003.218994 2003.091919 807.435059 807.446716 
2004.797241 2004.716187 807.994873 808.006348 
2005.997681 2006.286987 808.514404 808.525940 
2007.262695 2007.481201 809.078125 809.089355 
2008.796631 2008.738647 809.599670 809.610657 
2010.477417 2010.262207 810.211487 810.222351 
2011.709595 2011.480469 810.737488 810.748169 
2012.942017 2013.153076 811.309570 811.320007 
2014.574829 2014.376099 811.839172 811.849548 
2015.815552 2015.997803 812.413574 812.423584 
2017.058716 2017.230347 812.944153 812.953979 
2018.309448 2018.465088 813.517151 813.527039 
2019.995117 2019.707642 814.048523 814.058105 
2021.215576 2021.381470 814.622681 814.632141 
2022.492554 2022.592896 815.153625 815.162964 
2024.177979 2023.860962 815.684326 815.693604 
2025.462524 2025.539429 816.303040 816.312256 
2026.749023 2026.822388 816.817261 816.826294 
2028.028931 2028.110474 817.321838 817.330872 
2029.314331 2029.396118 817.868530 817.877625 
2030.599365 2030.688965 818.416565 818.425659 
2031.883301 2031.983276 818.921997 818.930969 
2033.096680 2033.278076 819.469727 819.478882 
2034.709839 2034.503174 819.976440 819.985657 
2036.052124 2036.135498 820.525085 820.534302 
2037.254883 2037.495117 821.074402 821.083557 
2038.523682 2038.716064 821.581360 821.590698 
2039.792969 2040.004761 822.173340 822.182678 
2041.064453 2041.291626 822.679871 822.689392 
2042.731323 2042.581665 823.187378 823.197021 
2043.592651 2043.803101 823.736450 823.746094 
2045.257690 2045.145508 824.243408 824.253113 
2046.519043 2046.429810 824.792236 824.802002 
2047.583740 2047.711304 825.298218 825.308044 
2048.976562 2048.926025 825.886536 825.896423 
2050.234619 2050.209229 826.390930 826.400940 
2051.494629 2051.486816 826.936157 826.946289 
2052.690430 2052.696289 827.435059 827.198242 
2053.952148 2053.972168 827.914490 827.924866 
2055.198975 2055.250244 828.432678 828.443176 
2056.377686 2056.521484 828.951172 828.961792 
2058.091797 2057.720947 829.430054 829.440674 
2059.275146 2059.055908 829.948730 829.959412 
2060.526123 2060.254639 830.467224 830.478027 
2061.702148 2061.458496 830.945801 830.956604 
2062.945312 2062.723145 831.463989 831.474731 
2064.257324 2063.984131 831.981628 831.992432 
2065.423828 2065.245850 832.459290 832.470093 
2066.653076 2066.442627 832.896973 832.907593 
2067.879639 2067.762695 833.452820 833.463440 
2069.048340 2069.015625 833.730957 833.741455 
2070.284424 2070.201172 834.445435 834.455933 
2071.572510 2071.390381 834.960388 834.970642 
2072.724365 2072.707031 835.435669 835.445862 
2073.871094 2073.952148 835.712646 835.722839 
2075.078857 2075.125488 836.226257 836.236267 
2076.301514 2076.360840 836.699463 836.709412 
2077.454834 2077.597412 837.132568 837.142517 
2078.668701 2078.764404 837.683594 837.693420 
2079.875488 2080.003906 838.193604 838.203369 
2081.068359 2081.167480 838.614258 838.623962 
2082.269043 2082.003906 839.098145 839.107727 
2083.472656 2083.219238 839.582092 839.591614 
2084.610107 2084.437256 840.028137 840.037598 
2085.812744 2085.655273 840.510681 840.520020 
2086.947510 2086.809570 840.994080 841.003296 
2088.199219 2088.023682 841.441956 841.451111 
2089.387695 2089.170654 841.926453 841.935486 
2090.196777 2090.438232 842.372986 842.382019 
2091.377441 2091.638916 842.817444 842.826294 
2092.567139 2092.459717 843.262451 843.271240 
2093.699219 2093.656006 843.706909 843.715637 
2094.901855 2094.857422 844.188171 844.196838 
2096.110840 2096.005371 844.630615 844.639160 
2096.941895 2097.221924 845.109619 845.118103 
2098.150635 2098.054932 845.552429 845.560791 
2099.358398 2099.281982 846.029663 846.038086 
2100.474609 2100.498779 846.433533 846.441956 
2101.656494 2101.717285 846.947266 846.955505 
2102.829102 2102.533936 847.385742 847.393982 
2103.640137 2103.653564 847.859619 847.867798 
2104.812012 2104.843994 848.331116 848.339355 
2105.984863 2106.028076 848.801270 848.809387 
2107.142334 2107.205566 849.234680 849.242737 
2108.241943 2108.382080 849.666687 849.674683 
2109.033203 2109.114014 850.132568 850.140625 
2110.126221 2110.221436 850.597961 850.605957 
2111.341797 2111.437500 850.811829 850.819702 
2112.367432 2112.534424 851.450684 851.245850 
2113.562988 2113.327393 851.699036 851.706970 
2114.631592 2114.480957 852.334778 852.095398 
2115.801270 2115.557861 852.546143 852.554077 
2116.491943 2116.690186 852.998840 853.006653 
2117.582031 2117.804443 853.432922 853.440857 
2118.677490 2118.901123 853.831299 853.839111 
2119.778076 2119.649414 854.460510 854.203979 
2120.808838 2120.745850 854.691711 854.699585 
2121.903564 2121.787842 855.087097 855.095093 
2122.976807 2122.933838 855.514526 855.522400 
2124.044189 2123.970947 855.906982 855.914917 
2124.774658 2124.708252 856.332581 856.340576 
2125.842773 2125.723633 856.723816 856.731812 
2126.895752 2126.786133 857.113464 857.121460 
2127.893555 2127.908936 857.535034 857.542969 
2128.941895 2128.911377 857.954834 857.962830 
2130.039062 2129.959717 858.341431 858.349487 
2130.694336 2130.950195 858.758240 858.766296 
2131.728271 2131.722900 859.142151 859.150208 
2132.693359 2132.703857 859.555786 859.563843 
2133.707275 2133.800049 859.936157 859.944336 
2134.723633 2134.773682 860.315979 860.324097 
2135.732178 2135.848145 860.693115 860.701355 
2136.682617 2136.815430 861.070190 861.078430 
2137.682129 2137.776611 861.476318 861.484558 
2138.674561 2138.472168 861.850830 861.859192 
2139.349121 2139.477539 862.253662 862.261963 
2140.280518 2140.431152 862.655212 862.663574 
2141.253174 2141.427490 863.024902 863.033325 
2142.219482 2142.416504 863.393066 863.401550 
2143.182617 2143.351318 863.790039 863.798523 
2144.089600 2144.020020 864.184570 864.192993 
2145.039551 2144.987061 864.516724 864.525330 
2146.036865 2145.957275 864.907104 864.915771 
2146.929443 2146.863770 865.295410 865.304138 
2147.857422 2147.867432 865.651794 865.660522 
2148.790527 2148.819092 866.036255 866.044983 
2149.663330 2149.754639 866.359497 866.368286 
2150.577637 2150.341064 866.769348 866.778259 
2151.194336 2151.275146 867.117310 867.126221 
2152.089355 2152.146973 867.320557 867.329468 
2152.976318 2153.057373 867.696167 867.705078 
2154.087158 2153.953369 868.069763 868.078613 
2154.956543 2154.843018 868.412292 868.421265 
2155.543945 2155.726318 868.780823 868.789795 
2156.396729 2156.554932 869.119751 869.128784 
2157.514893 2157.420166 869.484924 869.494019 
2158.315918 2158.274658 869.848083 869.857178 
2159.198242 2159.121338 870.180481 870.189514 
2160.027100 2159.964844 870.511414 870.520447 
2160.850098 2160.760254 870.840759 870.849915 
2161.622559 2161.636719 871.195374 871.204407 
2162.437012 2162.462646 871.519714 871.394409 
2163.212891 2163.281738 871.869690 871.878784 
2164.032715 2164.052979 872.216187 872.225159 
2164.844482 2164.863770 872.375122 872.384094 
2165.727295 2165.632324 872.718201 872.727173 
2166.472900 2166.442383 873.031860 873.040833 
2167.254395 2167.245361 873.371460 873.380432 
2168.036133 2168.120117 873.682007 873.690979 
2168.737061 2168.859375 874.016052 874.024841 
2169.559082 2169.632080 874.323608 874.332336 
2170.289307 2170.403320 874.628906 874.637512 
2171.073242 2171.092529 874.983032 874.991577 
2171.760742 2171.896484 875.283630 875.292114 
2172.511475 2172.607178 875.606262 875.614624 
2173.456055 2173.366943 875.927856 875.936157 
2174.172607 2174.032471 876.222412 876.230591 
2174.921631 2174.757080 876.513916 876.522095 
2175.630371 2175.661865 876.852783 876.860840 
2176.293457 2176.344238 877.141663 877.149597 
2177.023926 2177.056396 877.427185 877.434937 
2177.708740 2177.732666 877.710999 877.718628 
2178.354980 2178.368408 878.015686 878.023132 
2179.273682 2179.071289 878.317871 878.325195 
2179.942139 2179.940674 878.618347 878.464050 
2180.573242 2180.600586 878.755798 878.762939 
2181.277832 2181.251709 879.030640 879.037598 
2181.872314 2181.904541 879.325806 879.332703 
2182.567383 2182.730957 879.595581 879.602356 
2183.458740 2183.386719 879.906372 879.912964 
2184.069336 2184.037109 880.170349 880.176819 
2184.709473 2184.648926 880.455139 880.461426 
2185.312500 2185.358643 880.715942 880.722168 
2185.947266 2185.961182 880.995850 881.001831 
2186.576172 2186.591309 881.272705 881.278564 
2187.391357 2187.414062 881.526184 881.531860 
2188.007324 2188.004150 881.820435 881.825867 
2188.618896 2188.620605 882.070435 882.075806 
2189.222900 2189.226807 882.337830 882.343018 
2189.794678 2189.830566 882.583191 882.588318 
2190.608643 2190.429932 882.846741 882.851685 
2191.180420 2191.208984 883.087158 883.092102 
2191.741455 2191.798096 883.325928 883.330627 
2192.263672 2192.378662 883.600159 883.604858 
2192.955811 2192.939453 883.815125 883.819763 
2193.471436 2193.490967 884.085754 884.090332 
2194.176270 2194.168457 884.296753 884.301270 
2194.688721 2194.684570 884.562378 884.566772 
2195.333496 2195.380127 884.788147 884.792419 
2195.865479 2195.888672 885.029114 885.033264 
2196.522461 2196.393311 885.250183 885.254395 
2197.016846 2197.027588 885.469238 885.473328 
2197.664062 2197.551514 885.740051 885.744080 
2198.152588 2198.199219 885.936768 885.940796 
2198.637451 2198.685303 886.060852 886.064880 
2199.291992 2199.318848 886.376587 886.380676 
2199.765381 2199.796631 886.584839 886.588867 
2200.357910 2200.270996 886.809021 886.813049 
2200.846924 2200.911865 887.032043 887.036133 
2201.453613 2201.374268 887.151794 887.155762 
2201.909424 2201.952637 887.376160 887.380188 
2202.502197 2202.429199 887.583740 887.587708 
2202.924805 2202.878174 887.793091 887.797058 
2203.529785 2203.462402 888.002014 888.005798 
2203.967285 2203.901123 888.244324 888.248169 
2204.400146 2204.449951 888.449341 888.453125 
2204.964111 2204.879639 888.668640 888.672363 
2205.388916 2205.461426 888.868286 888.772339 
2205.942383 2205.880859 888.967224 888.970825 
2206.378662 2206.425781 889.163452 889.166992 
2206.916016 2206.835938 889.372498 889.375916 
2207.298096 2207.370361 889.562500 889.565857 
2207.718262 2207.792480 889.750061 889.753418 
2208.240723 2208.166748 889.950012 889.953308 
2208.630615 2208.679199 890.131836 890.135010 
2209.121582 2209.085449 890.325989 890.329102 
2209.589355 2209.590576 890.502502 890.505554 
2209.938721 2209.966797 890.690735 890.693726 
2210.406982 2210.441895 890.862427 890.865295 
2210.809326 2210.896484 891.045227 891.048035 
2211.223633 2211.235107 891.128174 891.130981 
2211.696045 2211.688721 891.306641 891.309387 
2212.079834 2212.077393 891.468689 891.471375 
2212.481445 2212.476318 891.641296 891.643860 
2212.869873 2212.827393 891.798523 891.800964 
2213.244141 2213.210205 891.965149 891.967651 
2213.654785 2213.578369 892.116821 892.119202 
2214.058105 2214.053223 892.278442 892.280762 
2214.348877 2214.334229 892.436890 892.439209 
2214.712891 2214.801514 892.592102 892.594360 
2215.090820 2215.082520 892.732666 892.734741 
2215.473877 2215.460938 892.882568 892.884644 
2215.833740 2215.806885 893.028442 893.030457 
2216.117676 2216.165283 893.160767 893.162781 
2216.467041 2216.527832 893.290649 893.292603 
2216.851807 2216.869141 893.407593 893.409424 
2217.159668 2217.139648 893.552612 893.554443 
2217.493652 2217.471924 893.683899 893.685669 
2217.831055 2217.837402 893.802734 893.804504 
2218.138428 2218.130127 893.928223 893.929932 
2218.419189 2218.447998 894.032349 894.033997 
2218.702881 2218.712891 894.152649 894.154358 
2219.050537 2219.013428 894.322815 894.324341 
2219.351318 2219.328369 894.427063 894.428650 
2219.636475 2219.597656 894.528503 894.530029 
2219.909424 2219.874268 894.627869 894.629395 
2220.139648 2220.150635 894.732727 894.734192 
2220.408691 2220.420654 894.881104 894.882446 
2220.682129 2220.688477 894.979492 894.980835 
2220.944092 2220.956787 895.068359 895.069702 
2221.236572 2221.210205 895.162415 895.163696 
2221.499023 2221.467285 895.296265 895.297485 
2221.696045 2221.713867 895.385498 895.386597 
2221.941895 2221.942627 895.466187 895.467285 
2222.180908 2222.174561 895.545166 895.546265 
2222.408691 2222.418701 895.667053 895.668152 
2222.638184 2222.647461 895.742188 895.743103 
2222.854736 2222.821777 895.821594 895.822571 
2223.031982 2223.041992 895.926880 895.927856 
2223.239990 2223.249756 895.993713 895.994629 
2223.449463 2223.458008 896.063416 896.064209 
2223.651611 2223.660400 896.162415 896.163208 
2223.849121 2223.852295 896.223083 896.223938 
2224.035156 2224.009277 896.316467 896.317200 
2224.186279 2224.195312 896.378296 896.379028 
2224.360840 2224.369873 896.438599 896.439270 
2224.536133 2224.539062 896.519226 896.519897 
2224.693604 2224.712646 896.575684 896.576355 
2224.856445 2224.869629 896.651001 896.651672 
2225.013428 2224.998047 896.703491 896.704041 
2225.155273 2225.144775 896.750610 896.751099 
2225.297119 2225.281006 896.818542 896.819092 
2225.437256 2225.421875 896.862061 896.862549 
2225.559814 2225.552246 896.927856 896.928345 
2225.693359 2225.677734 896.967651 896.968079 
2225.785645 2225.797363 897.009216 897.009644 
2225.900146 2225.911865 897.063965 897.064392 
2226.011963 2226.020996 897.104370 897.104675 
2226.115479 2226.124023 897.140137 897.140503 
2226.212158 2226.221191 897.186829 897.187073 
2226.306885 2226.298340 897.218567 897.218933 
2226.379395 2226.382568 897.262085 897.262329 
2226.472656 2226.466553 897.287842 897.288086 
2226.549561 2226.544434 897.314026 897.314209 
2226.604980 2226.616211 897.347351 897.347534 
2226.670898 2226.666016 897.367798 897.367920 
2226.729248 2226.725098 897.388184 897.388367 
2226.781494 2226.778320 897.413635 897.413757 
2226.829590 2226.826904 897.429932 897.430054 
2226.864502 2226.868896 897.450745 897.444702 
2226.906982 2226.906006 897.462891 897.462952 
2226.931396 2226.931152 897.472656 897.472717 
2226.957275 2226.956543 897.485474 897.485596 
2226.977051 2226.976074 897.491333 897.491333 
2226.990234 2226.989990 897.495911 897.495911 
2226.997803 2226.998047 897.499451 897.499451 
2227.000000 2227.000000 897.499939 897.499939 
2226.996338 2226.997314 897.498901 897.498901 
2226.987549 2226.989014 897.494690 897.494568 
2226.973633 2226.974609 897.489929 897.489868 
2226.954590 2226.955078 897.479492 897.479492 
2226.930176 2226.929443 897.471008 897.471008 
2226.899414 2226.897949 897.455627 897.455566 
2226.864502 2226.863525 897.442444 897.442383 
2226.822510 2226.821289 897.427612 897.427490 
2226.776367 2226.775146 897.402771 897.402649 
2226.723633 2226.723877 897.385193 897.385071 
2226.659180 2226.665283 897.364685 897.364563 
2226.601807 2226.601074 897.331421 897.331360 
2226.522705 2226.533691 897.308594 897.308533 
2226.457520 2226.462891 897.282288 897.282166 
2226.381348 2226.374756 897.238403 897.238342 
2226.285889 2226.295654 897.210144 897.210022 
2226.194580 2226.195801 897.180420 897.180298 
2226.104980 2226.107178 897.143982 897.143921 
2226.004150 2225.995117 897.091553 897.091431 
2225.884277 2225.892090 897.056458 897.056396 
2225.776123 2225.784424 896.997925 896.997864 
2225.669922 2225.671875 896.959167 896.959106 
2225.529785 2225.534424 896.891479 896.891418 
2225.400635 2225.410400 896.848999 896.848999 
2225.280762 2225.260986 896.801392 896.801392 
2225.122314 2225.126221 896.729187 896.729187 
2224.988037 2224.990234 896.681702 896.681580 
2224.843994 2224.844971 896.628540 896.628540 
2224.667236 2224.666748 896.573669 896.573669 
2224.518555 2224.520508 896.495300 896.495361 
2224.360107 2224.359619 896.409607 896.409729 
2224.165283 2224.192871 896.349182 896.349365 
2224.008789 2223.995850 896.292114 896.292236 
2223.795410 2223.819580 896.199280 896.199463 
2223.614990 2223.642334 896.144287 896.144470 
2223.437256 2223.422119 896.041016 896.041260 
2223.248779 2223.230713 895.971924 895.972168 
2223.024414 2223.038574 895.906982 895.907349 
2222.825928 2222.792236 895.795776 895.796082 
2222.590820 2222.592773 895.727417 895.727783 
2222.381348 2222.386475 895.616394 895.616821 
2222.166992 2222.127930 895.544678 895.545166 
2221.906738 2221.905762 895.428467 895.429016 
2221.689453 2221.685303 895.353516 895.354065 
2221.417236 2221.452881 895.265137 895.265808 
2221.181152 2221.169922 895.143188 895.143860 
2220.947510 2220.926758 895.026001 895.026794 
2220.658936 2220.688477 894.940063 894.940857 
2220.407715 2220.388672 894.852600 894.812988 
2220.101807 2220.131104 894.723633 894.724487 
2219.866699 2219.822021 894.599243 894.600281 
2219.594727 2219.564697 894.515198 894.516235 
2219.273926 2219.291748 894.373169 894.374268 
2219.006104 2218.972168 894.236145 894.237427 
2218.674072 2218.692871 894.148438 894.149780 
2218.407715 2218.366699 894.007874 894.009399 
2218.052490 2218.075195 893.911499 893.913086 
2217.768066 2217.790771 893.772461 893.774170 
2217.468262 2217.447021 893.660889 893.635803 
2217.106934 2217.144531 893.515198 893.517151 
2216.810547 2216.788818 893.387268 893.389465 
2216.437988 2216.476807 893.259460 893.233582 
2216.134521 2216.098877 893.115112 893.117859 
2215.744629 2215.716797 892.979004 892.973145 
2215.426270 2215.399658 892.838440 892.836121 
2215.035889 2215.079590 892.685852 892.696472 
2214.712158 2214.676025 892.547485 892.521729 
2214.297852 2214.345459 892.397583 892.355591 
2213.965088 2213.934326 892.220337 892.232239 
2213.549316 2213.598633 892.088501 892.100220 
2213.195312 2213.177979 891.919495 891.931030 
2212.782471 2212.818115 891.777039 891.788574 
2212.420410 2212.386719 891.597534 891.609253 
2211.985596 2212.016846 891.467834 891.429260 
2211.625244 2211.586914 891.285522 891.297974 
2211.179688 2211.210938 891.099609 891.112671 
2210.798096 2210.758789 890.955078 890.968445 
2210.353027 2210.374512 890.754150 890.768127 
2209.893066 2209.914062 890.611572 890.625916 
2209.499756 2209.458008 890.458191 890.423767 
2209.034668 2209.072021 890.250732 890.265991 
2208.636475 2208.596436 890.099182 890.063354 
2208.171631 2208.117920 889.874817 889.890991 
2207.690430 2207.716553 889.724121 889.740723 
2207.200928 2207.209473 889.544006 889.506409 
2206.800293 2206.810791 889.314697 889.332214 
2206.282471 2206.325928 889.137817 889.155823 
2205.860840 2205.821533 888.959717 888.978271 
2205.366455 2205.316162 888.789307 888.741882 
2204.858643 2204.894775 888.559937 888.579407 
2204.369141 2204.363281 888.375977 888.395996 
2203.825195 2203.845703 888.200378 888.152161 
2203.401855 2203.324463 887.943665 887.964905 
2202.898193 2202.904541 887.754578 887.776245 
2202.372803 2202.384277 887.573792 887.525391 
2201.867188 2201.853271 887.381348 887.332947 
2201.334229 2201.328369 887.105164 887.128601 
2200.813477 2200.796875 886.919006 886.943054 
2200.270996 2200.272461 886.720886 886.745422 
2199.712891 2199.747070 886.520691 886.492859 
2199.180908 2199.220703 886.245056 886.270874 
2198.629883 2198.672363 886.052368 886.078674 
2198.075684 2198.018311 885.847473 885.809509 
2197.532715 2197.476807 885.640564 885.591797 
2196.971680 2196.930420 885.355103 885.383423 
2196.408936 2196.350586 885.144287 885.173218 
2195.750977 2195.798096 884.931702 884.904968 
2195.268311 2195.227295 884.717224 884.679626 
2194.603760 2194.655273 884.432922 884.463867 
2194.008789 2194.093994 884.214783 884.246399 
2193.440918 2193.405273 883.995178 883.946655 
2192.856445 2192.822021 883.697815 883.730896 
2192.268066 2192.234619 883.478333 883.512207 
2191.598145 2191.643555 883.250916 883.263306 
2191.001221 2191.051514 883.010193 883.014771 
2190.417236 2190.361572 882.743652 882.746826 
2189.802979 2189.778076 882.508423 882.502563 
2189.121338 2189.174805 882.263306 882.253601 
2188.512451 2188.488770 881.990479 881.975037 
2187.900391 2187.868164 881.730469 881.701904 
2187.206787 2187.178467 881.441895 881.474792 
2186.591064 2186.562988 881.216614 881.192749 
2185.875000 2185.945557 880.922058 880.955383 
2185.253906 2185.245361 880.683533 880.659729 
2184.628662 2184.623779 880.387085 880.421387 
2183.901611 2183.900879 880.137390 880.114685 
2183.189941 2183.273193 879.842407 879.878174 
2182.560303 2182.541260 879.604431 879.573181 
2181.841553 2181.907227 879.294678 879.332092 
2181.220703 2181.187744 879.000916 879.039246 
2180.480957 2180.449707 878.766113 878.749268 
2179.719482 2179.825195 878.485901 878.479614 
2179.091797 2179.096191 878.188538 878.183594 
2178.326172 2178.331543 877.901001 877.897339 
2177.674561 2177.681641 877.613403 877.601807 
2176.919922 2176.927490 877.316284 877.315430 
2176.180664 2176.170410 877.027161 877.018066 
2175.422607 2175.411377 876.723755 876.717407 
2174.764404 2174.769775 876.428894 876.424622 
2173.979980 2174.005859 876.102966 876.144104 
2173.261719 2173.240967 875.814148 875.845947 
2172.484375 2172.454102 875.501038 875.511719 
2171.706299 2171.679443 875.177490 875.213196 
2170.976074 2170.949951 874.890686 874.919739 
2170.239014 2170.178467 874.596436 874.552673 
2169.419434 2169.398438 874.282288 874.252808 
2168.659668 2168.666260 873.985474 873.989624 
2167.897217 2167.899170 873.632812 873.662292 
2167.072510 2167.089355 873.317871 873.307556 
2166.311035 2166.326904 873.003845 873.012085 
2165.496338 2165.487305 872.689575 872.674988 
2164.686035 2164.666504 872.385132 872.384949 
2163.913330 2163.910645 872.083862 872.050232 
2163.066406 2163.089355 871.732788 871.716309 
2162.226562 2162.259521 871.393005 871.373901 
2161.441895 2161.420654 871.053284 871.095337 
2160.571533 2160.650635 870.705322 870.763306 
2159.781738 2159.779785 870.421814 870.424500 
2158.917969 2158.918945 870.075012 870.052063 
2158.116943 2158.128906 869.737610 869.710205 
2157.243164 2157.266113 869.393433 869.388794 
2156.435059 2156.400879 869.059692 869.061462 
2155.579590 2155.588867 868.667664 868.692871 
2154.679443 2154.720215 868.341309 868.378418 
2153.856934 2153.867188 868.009277 868.003540 
2152.964355 2152.993408 867.635925 867.643127 
2152.070312 2152.089600 867.317078 867.314270 
2151.250244 2151.207031 866.946777 866.939575 
2150.357178 2150.323242 866.616333 866.559692 
2149.453613 2149.426514 866.248840 866.242798 
2148.546875 2148.522217 865.862366 865.892273 
2147.643555 2147.644287 865.488586 865.481628 
2146.739258 2146.733154 865.151672 865.138123 
2145.822266 2145.844727 864.807556 864.785095 
2144.903320 2144.942139 864.402954 864.440491 
2143.985352 2144.051025 864.047974 864.046692 
2143.064209 2143.063965 863.700073 863.702332 
2142.167725 2142.146484 863.287415 863.316772 
2141.247559 2141.233398 862.943848 862.933594 
2140.274170 2140.315918 862.543091 862.547729 
2139.382080 2139.395020 862.154358 862.168884 
2138.401123 2138.410889 861.768066 861.782532 
2137.475586 2137.450439 861.432373 861.414551 
2136.492676 2136.531006 861.051025 861.033447 
2135.574951 2135.534912 860.661621 860.665588 
2134.587402 2134.549805 860.238159 860.240845 
2133.622559 2133.639404 859.882263 859.871399 
2132.662354 2132.663818 859.475830 859.491150 
2131.698975 2131.700684 859.088684 859.041016 
2130.698486 2130.668457 858.702576 858.660522 
2129.700195 2129.711914 858.275574 858.265381 
2128.710693 2128.719727 857.906799 857.835693 
2127.726562 2127.728760 857.464966 857.493164 
2126.740723 2126.747559 857.069336 857.113342 
2125.743164 2125.677490 856.667725 856.672607 
2124.699463 2124.716797 856.262451 856.260864 
2123.705566 2123.723633 855.861328 855.839478 
2122.722900 2122.682617 855.462646 855.461853 
2121.671143 2121.706299 855.037964 855.061218 
2120.677002 2120.639648 854.627991 854.586731 
2119.616211 2119.600586 854.217957 854.228027 
2118.555908 2118.540771 853.800110 853.810059 
2117.502686 2117.555664 853.382568 853.382385 
2116.484375 2116.504150 852.934631 852.980164 
2115.480469 2115.438232 852.529053 852.520996 
2114.396240 2114.365723 852.118225 852.111816 
2113.322998 2113.370605 851.695923 851.695251 
2112.257812 2112.301758 851.263123 851.270325 
2111.197021 2111.184082 850.807983 850.809143 
2110.132812 2110.178711 850.414612 850.397217 
2109.059082 2109.074951 849.989502 849.981262 
2107.998291 2107.978516 849.503174 849.500610 
2106.944824 2106.919189 849.055115 849.114197 
2105.791504 2105.853027 848.629639 848.653870 
2104.763184 2104.727783 848.175171 848.191223 
2103.590332 2103.634766 847.744446 847.772156 
2102.568848 2102.568115 847.331116 847.329468 
2101.445801 2101.432861 846.911072 846.883179 
2100.311523 2100.293213 846.402466 846.393921 
2099.162842 2099.162354 845.957520 846.016235 
2098.118652 2098.089355 845.521179 845.520752 
2096.981689 2096.948730 845.066101 845.103149 
2095.833740 2095.801514 844.620728 844.665588 
2094.697510 2094.704102 844.158020 844.138245 
2093.538818 2093.611328 843.690002 843.702515 
2092.468018 2092.392578 843.247070 843.262268 
2091.307617 2091.304443 842.740356 842.802490 
2090.148926 2090.163330 842.273254 842.352112 
2088.973145 2089.011963 841.894348 841.884338 
2087.823242 2087.805176 841.407349 841.411926 
2086.655762 2086.715332 840.916443 840.949402 
2085.557129 2085.481934 840.438171 840.467590 
2084.321777 2084.397705 840.034546 839.995728 
2083.162354 2083.165527 839.550964 839.505920 
2081.999023 2082.013428 839.048523 839.013611 
2080.865479 2080.868896 838.559387 838.517517 
2079.645752 2079.666016 838.067932 838.128174 
2078.432861 2078.476807 837.556702 837.626770 
2077.284424 2077.240479 837.168335 837.138428 
2076.068115 2076.083008 836.670044 836.631165 
2074.839355 2074.848389 836.175537 836.137512 
2073.634033 2073.676025 835.676758 835.641479 
2072.500977 2072.424316 835.186646 835.238708 
2071.233887 2071.276123 834.678955 834.733582 
2070.024658 2070.050781 834.175537 834.230835 
2068.846680 2068.793213 833.771667 833.731934 
2067.607666 2067.574219 833.191895 833.228699 
2066.385498 2066.345215 832.773865 832.734314 
2065.175781 2065.104736 832.281555 832.222351 
2063.875732 2063.937988 831.751099 831.714600 
2062.686768 2062.634766 831.255676 831.211121 
2061.448486 2061.396973 830.705688 830.722839 
2060.191895 2060.208008 830.150757 830.202942 
2058.927490 2058.926270 829.793396 829.694214 
2057.646484 2057.681641 829.218872 829.270569 
2056.391357 2056.418701 828.669739 828.770935 
2055.139648 2055.157715 828.271057 828.216003 
2053.908936 2053.918701 827.747131 827.655823 
2052.609863 2052.652344 827.154053 827.082214 
2051.333740 2051.378174 826.590820 826.715271 
2050.040527 2050.026367 826.234314 826.161072 
2048.772705 2048.778320 825.664062 825.603760 
2047.508179 2047.530762 825.090332 825.048767 
2046.226807 2046.227295 824.509033 824.631836 
2044.929199 2044.956421 824.107788 824.063721 
2043.632202 2043.638428 823.551636 823.492920 
2042.319336 2042.344238 822.988342 822.916687 
2040.997314 2041.025635 822.449524 822.550720 
2039.702393 2039.743652 822.058777 821.964661 
2038.412964 2038.403076 821.482971 821.371948 
2037.066895 2037.099243 820.902649 820.999573 
2035.816650 2035.749146 820.345032 820.431824 
2034.496094 2034.382324 819.941895 819.888916 
2033.083740 2033.053589 819.378296 819.312500 
2031.748291 2031.810303 818.751892 818.731384 
2030.463501 2030.425049 818.210632 818.330505 
2029.119385 2029.089722 817.633728 817.768799 
2027.822632 2027.778931 817.079041 817.173523 
2026.496704 2026.453369 816.708069 816.573364 
2025.129761 2025.111084 816.112915 816.164307 
2023.710693 2023.690063 815.548584 815.619385 
2022.442017 2022.405029 814.912292 815.038574 
2021.030273 2021.028809 814.494263 814.480225 
2019.668335 2019.670776 813.943970 813.949463 
2018.306274 2018.289062 813.359131 813.286804 
2016.989014 2016.917725 812.801514 812.749084 
2015.559082 2015.533813 812.207397 812.299622 
2014.238281 2014.186523 811.608276 811.723206 
2012.822021 2012.804443 811.228271 811.109436 
2011.481812 2011.495850 810.588196 810.549927 
2010.061035 2010.056396 810.011108 809.957153 
2008.726685 2008.630249 809.396973 809.388672 
2007.328979 2007.322144 808.845642 808.976318 
2005.929077 2005.877808 808.389648 808.369202 
2004.483032 2004.486694 807.798584 807.757751 
2003.139771 2003.093750 807.206970 807.143494 
2001.727295 2001.687988 806.638000 806.557678 
2000.323853 2000.280762 806.031250 805.937073 
1998.919434 1998.917358 805.418457 805.550354 
1997.480957 1997.479858 805.027588 804.959412 
1996.047974 1996.058105 804.405334 804.362244 
1994.670166 1994.621338 803.826904 803.756470 
1993.179688 1993.206543 803.231140 803.144348 
1991.820679 1991.812134 802.627808 802.591919 
1990.343750 1990.393555 802.050842 802.165710 
1988.933350 1988.953857 801.437195 801.539429 
1987.521240 1987.522827 801.014709 800.967712 
1986.020386 1986.025757 800.393250 800.367493 
1984.624512 1984.642090 799.769775 799.760071 
1983.127075 1983.154541 799.142212 799.146973 
1981.730347 1981.673706 798.519897 798.561829 
1980.262695 1980.214600 797.951660 797.906616 
1978.817993 1978.833740 797.380188 797.511780 
1977.344849 1977.363770 796.771179 796.851685 
1975.924438 1975.908081 796.159973 796.254578 
1974.431763 1974.393921 795.739441 795.639648 
1972.984253 1972.958740 795.121033 795.068665 
1971.476318 1971.498047 794.532104 794.494019 
1969.995972 1970.013794 793.875183 793.881226 
1968.498901 1968.545898 793.281921 793.266968 
1967.097168 1967.076050 792.653076 792.648560 
1965.623535 1965.576172 792.020691 792.026184 
1964.075195 1964.134521 791.386047 791.401367 
1962.627319 1962.621826 790.951904 790.971802 
1961.109131 1961.149902 790.371216 790.376709 
1959.667725 1959.604614 789.764160 789.744873 
1958.160645 1958.165894 789.149109 789.110107 
1956.673950 1956.640137 788.361938 788.439636 
1955.151611 1955.134888 787.899597 787.847839 
1953.646484 1953.649780 787.265625 787.242188 
1952.117432 1952.120483 786.666931 786.628235 
1950.591675 1950.621460 786.058105 786.039368 
1949.091431 1949.125977 785.442322 785.411865 
1947.609253 1947.592285 784.820679 784.746399 
1946.085449 1946.066406 784.191589 784.141907 
1944.571533 1944.564941 783.523071 783.497070 
1943.016968 1942.996704 782.922974 782.914734 
1941.519287 1941.533569 782.312744 782.294128 
1939.875977 1939.989502 781.696106 781.666077 
1938.374634 1938.420044 781.073059 781.032104 
1936.773315 1936.928101 780.410461 780.595032 
1935.218140 1935.423218 780.009033 779.971680 
1933.817261 1933.886353 779.335510 779.358826 
1932.102905 1932.249878 778.752930 778.739685 
1930.793457 1930.626465 778.138672 778.112488 
1928.862061 1929.152222 777.518005 777.513916 
1927.640625 1927.336792 776.889648 776.841431 
1925.605103 1926.016602 776.255249 776.214844 
1924.488403 1924.082153 775.649536 775.601746 
1923.074341 1922.860962 774.996094 774.982788 
1921.294556 1921.437256 774.380005 774.356628 
1919.509033 1919.616211 773.756470 773.723694 
1918.407349 1918.411011 773.127747 773.119324 
1916.692627 1916.569336 772.492981 772.455933 
1914.944092 1914.699341 771.650330 771.841858 
1913.458618 1913.625977 771.034058 771.220154 
1912.036621 1911.618774 770.418823 770.393860 
1910.458252 1910.387329 769.797913 769.758911 
1908.755737 1908.894775 769.171082 769.321655 
1907.127563 1907.261963 768.604370 768.525085 
1905.598755 1905.649536 767.929626 767.912048 
1903.762085 1904.148682 767.289490 767.260620 
1902.492920 1902.507935 766.664062 766.668945 
1900.657349 1900.704956 766.028687 766.037720 
1899.336060 1899.135620 765.420410 765.400940 
1897.444580 1897.839722 764.772949 764.753296 
1895.874756 1895.912964 764.080688 764.128906 
1894.417725 1894.600098 763.452759 763.532593 
1892.858032 1892.862549 762.791321 762.688110 
1891.264282 1891.168213 762.186707 762.245789 
1889.703613 1889.725952 761.495850 761.592163 
1888.086914 1888.099609 760.843689 760.966125 
1886.551758 1886.419312 760.127014 760.265869 
1884.909546 1884.924438 759.665710 759.659729 
1883.290649 1883.273315 758.891174 759.012512 
1881.665161 1881.658691 758.186157 758.371155 
1880.060425 1880.043213 757.635559 757.626343 
1878.409424 1878.435303 756.951233 756.937500 
1876.823364 1876.802002 756.236694 756.396423 
1875.205566 1875.157471 755.517090 755.694702 
1873.529053 1873.560059 755.059814 754.909058 
1871.932373 1871.909546 754.295227 754.225464 
1870.244629 1870.271851 753.565247 753.775330 
1868.658813 1868.614746 753.063965 753.058289 
1866.974365 1866.965576 752.368591 752.336182 
1865.358398 1865.423584 751.631409 751.572571 
1863.718994 1863.770142 751.126831 751.074097 
1862.090210 1862.115234 750.385803 750.342896 
1860.374023 1860.497925 749.642944 749.648499 
1858.810059 1858.804688 748.937134 749.145203 
1856.968018 1857.229370 748.427063 748.408569 
1855.505493 1855.400024 747.683899 747.668701 
1853.749146 1853.365845 746.975952 747.161438 
1851.879639 1851.824341 746.301880 746.457153 
1850.106934 1850.008179 745.810486 745.713135 
1849.072266 1848.983154 745.049011 744.971252 
1847.295654 1847.196289 744.319031 744.487122 
1845.382202 1845.253662 743.661194 743.816956 
1843.489258 1843.324585 743.117310 743.101562 
1841.768433 1842.440063 742.413208 742.341736 
1840.082764 1840.538208 741.697266 741.613220 
1838.276245 1838.803589 740.945618 740.956787 
1837.332031 1837.095581 740.265747 740.414062 
1835.732300 1835.257080 739.809204 739.711548 
1833.419922 1833.467163 739.082947 738.997314 
1831.805054 1831.848267 738.351135 738.247375 
1830.370972 1830.259888 737.614868 737.569214 
1828.958496 1828.586914 737.110657 737.113770 
1826.734741 1827.099487 736.371155 736.389404 
1825.265503 1825.636841 735.628601 735.659485 
1823.838501 1823.340332 734.881592 734.925110 
1821.944824 1821.805542 734.370178 734.150818 
1820.630493 1820.295410 733.694580 733.684631 
1818.730225 1818.939575 732.981079 732.944153 
1816.975464 1816.871094 732.260193 732.199158 
1815.207153 1815.485596 731.531128 731.689148 
1813.444458 1813.613770 730.833862 730.754700 
1811.774292 1811.784790 730.287170 730.304260 
1809.980347 1810.488525 729.582947 729.585510 
1808.494263 1808.612793 728.835876 728.858704 
1806.927612 1806.745850 728.116760 728.163635 
1805.174072 1805.029053 727.433289 727.385010 
1803.352417 1803.208862 726.667358 726.682373 
1801.822021 1801.566040 726.167419 726.171936 
1800.198364 1800.057129 725.471741 725.455200 
1798.249268 1798.251099 724.735901 724.773987 
1796.701904 1796.610229 724.034424 724.010681 
1795.156006 1794.915283 723.251465 723.320496 
1793.179443 1793.292725 722.780701 722.589539 
1791.566895 1791.683594 722.033203 722.085999 
1789.590332 1789.773438 721.244507 721.386963 
1788.069580 1788.121582 720.561401 720.606812 
1786.557007 1786.468506 719.849487 719.863342 
1784.686279 1784.882812 719.130981 719.117981 
1783.130981 1782.867310 718.634949 718.607178 
1781.281616 1781.248901 717.943054 717.926697 
1779.719727 1779.692383 717.207458 717.217590 
1777.830688 1777.711182 716.468750 716.501892 
1776.034058 1776.235352 715.728943 715.778687 
1774.558472 1774.275757 715.060425 715.049805 
1772.676270 1772.742798 714.350281 714.316162 
1771.168213 1771.173340 713.636475 713.578979 
1769.366577 1769.263062 712.918396 713.113403 
1767.562378 1767.396362 712.424805 712.188293 
1765.770020 1765.845825 711.701904 711.479248 
1764.000977 1763.972534 710.973999 711.029907 
1762.524536 1762.508545 710.243530 710.314880 
1760.769287 1760.744995 709.513306 709.595520 
1759.022095 1758.897217 708.856384 708.875366 
1757.242310 1757.115356 708.117676 708.149902 
1755.531860 1755.622192 707.418823 707.423157 
1753.722900 1753.900879 706.750000 706.732849 
1752.025879 1752.063843 706.002014 705.971802 
1750.272461 1750.245850 705.283875 705.316162 
1748.600952 1748.496338 704.598389 704.581665 
1746.933594 1746.750244 703.911011 703.914185 
1745.274170 1744.900024 703.212402 703.204285 
1743.238892 1743.506470 702.517578 702.488281 
1741.547363 1741.790283 701.855774 701.805786 
1739.910645 1739.757080 701.153381 701.087830 
1738.296387 1738.010742 700.409607 700.399414 
1736.277344 1736.317383 699.700256 699.743347 
1734.673096 1734.595337 698.986572 699.046021 
1733.117554 1732.930542 698.308838 698.345581 
1731.197144 1731.283569 697.591675 697.641541 
1729.626465 1729.601318 696.866882 696.935364 
1727.727539 1727.914551 696.219360 696.225769 
1726.069336 1726.017090 695.529419 695.548889 
1724.138428 1724.374390 694.832520 694.840149 
1722.253296 1722.480957 694.165894 694.161865 
1720.837891 1720.869141 693.420776 693.444641 
1718.866943 1718.895264 692.713623 692.792297 
1717.469360 1717.366455 692.036682 692.096558 
1715.436768 1715.515747 691.392578 691.395203 
1713.538452 1713.617310 690.670837 690.691956 
1712.081177 1712.118896 690.017700 689.995483 
1710.002686 1710.237671 689.324524 689.323792 
1708.410400 1708.662720 688.627197 688.430359 
1706.905273 1706.754150 687.927612 687.744995 
1704.757568 1705.288696 687.226746 687.057495 
1703.240845 1703.293701 686.335083 686.365845 
1701.721924 1701.619629 685.665466 685.671082 
1699.692017 1699.617798 685.025696 685.011230 
1698.134766 1698.042358 684.308228 684.284607 
1696.087524 1696.414551 683.657104 683.657837 
1694.552368 1694.423218 682.927429 682.954956 
1693.022827 1692.976685 682.242920 682.317200 
1690.998291 1690.869873 681.582214 681.422302 
1689.395996 1689.342163 680.738831 680.698242 
1687.524780 1687.358276 680.033020 680.007996 
1685.613037 1685.854736 679.355469 679.385193 
1684.233765 1683.864380 678.711487 678.724854 
1682.162964 1682.296631 678.029114 677.849182 
1680.794189 1680.476196 677.306702 677.178467 
1678.882935 1679.066040 676.679810 676.503967 
1677.120728 1677.285400 675.820496 675.826233 
1675.539795 1675.284180 675.160950 675.146240 
1673.493408 1673.459229 674.494507 674.473999 
1671.960571 1671.660034 673.822876 673.828186 
1670.294678 1670.061523 673.145996 672.969666 
1668.353882 1668.140259 672.284424 672.309021 
1666.433716 1666.681641 671.670227 671.644287 
1664.979614 1664.728394 671.017273 671.007324 
1663.157104 1663.276855 670.152527 670.105408 
1661.534912 1661.342896 669.524597 669.497620 
1659.778564 1659.490967 668.822632 668.849976 
1657.982666 1658.035889 668.153259 668.198669 
1656.166382 1656.019287 667.505493 667.370178 
1654.353516 1654.432129 666.667480 666.709412 
1652.423340 1652.665649 666.060364 666.009949 
1650.821045 1650.800903 665.211670 665.388184 
1649.206299 1649.177002 664.564331 664.558289 
1647.145996 1647.273682 663.881348 663.956665 
1645.560303 1645.706909 663.229492 663.283813 
1643.963379 1643.725586 662.402954 662.439758 
1642.105103 1642.138672 661.719360 661.761230 
1640.343384 1640.502319 661.134338 661.148865 
1638.658203 1638.588501 660.312866 660.294495 
1636.956787 1637.090332 659.679321 659.678650 
1635.277588 1635.246094 659.042358 659.023010 
1633.523682 1633.561768 658.196655 658.210632 
1631.570679 1631.585083 657.564819 657.584900 
1629.889526 1629.877319 656.951050 656.951416 
1628.273071 1628.228149 656.132080 656.114380 
1626.590576 1626.531738 655.504150 655.477356 
1624.599731 1624.519775 654.841980 654.676086 
1622.978760 1622.876221 654.074402 654.058105 
1621.051025 1621.174927 653.440918 653.437378 
1619.384644 1619.543823 652.614441 652.582336 
1617.733765 1617.876831 652.036194 651.986633 
1616.151733 1616.017090 651.227234 651.191528 
1614.218262 1614.381592 650.608459 650.593262 
1612.576904 1612.456299 649.758972 649.797302 
1610.646973 1610.876099 649.133301 649.187256 
1609.050537 1609.021729 648.341187 648.380127 
1607.165894 1607.444580 647.740906 647.763306 
1605.634399 1605.588257 646.956238 646.916016 
1603.776245 1603.746094 646.350037 646.326660 
1602.206909 1602.244385 645.732117 645.718323 
1600.377197 1600.415161 644.900635 644.975220 
1598.569336 1598.602295 644.277161 644.153931 
1596.973022 1596.840210 643.477417 643.540649 
1595.169556 1595.309204 642.863525 642.915894 
1593.365112 1593.561523 642.012451 642.096802 
1591.824219 1591.737305 641.417480 641.493896 
1590.045044 1589.949097 640.789978 640.693970 
1588.165771 1588.219727 639.973999 640.078308 
1586.411133 1586.528931 639.377930 639.259094 
1584.606323 1584.765991 638.582336 638.636353 
1583.145996 1583.026489 637.941895 638.013184 
1581.314209 1581.347290 637.360840 637.235413 
1579.605469 1579.603271 636.519531 636.636658 
1577.849121 1577.830322 635.934753 635.810608 
1576.095459 1576.108398 635.088318 635.234131 
1574.369507 1574.437500 634.525696 634.399414 
1572.686890 1572.709595 633.719910 633.819153 
1570.958496 1571.036133 633.125122 632.979431 
1569.249512 1569.338623 632.361755 632.421387 
1567.540405 1567.636597 631.721802 631.622070 
1565.893066 1565.942871 630.944458 631.031982 
1564.198730 1563.985840 630.362732 630.274719 
1562.298828 1562.309204 629.620117 629.639954 
1560.592407 1560.679077 628.994202 628.868958 
1558.969482 1559.059082 628.201416 628.291931 
1557.290161 1557.104736 627.571411 627.555359 
1555.402100 1555.454102 626.937317 626.934509 
1553.756348 1553.832886 626.077576 626.148193 
1552.151367 1552.214355 625.416382 625.523193 
1550.536865 1550.344971 624.746521 624.894165 
1548.706543 1548.697144 624.072388 624.041199 
1547.035522 1546.849487 623.394531 623.385254 
1545.197388 1545.296875 622.743408 622.720703 
1543.644165 1543.726807 621.996704 622.051880 
1541.799072 1541.803589 621.279663 621.379395 
1540.208496 1540.314331 620.592834 620.733398 
1538.384155 1538.442383 619.851379 619.992493 
1536.857178 1536.902588 619.342163 619.281067 
1535.002197 1535.092529 618.637146 618.599548 
1533.488892 1533.254395 617.932678 617.863831 
1531.729370 1531.745361 617.218811 617.358643 
1529.891113 1529.956299 616.516174 616.659119 
1528.368408 1528.216187 615.807556 615.960083 
1526.594604 1526.674072 615.129700 615.251831 
1524.862549 1524.918945 614.447632 614.554871 
1523.346313 1523.206909 613.915283 613.851868 
1521.597534 1521.690308 613.228333 613.179321 
1519.851074 1519.912109 612.500977 612.502747 
1518.096558 1518.210327 611.756653 611.747314 
1516.594482 1516.446899 611.102539 611.065857 
1514.887573 1514.722046 610.373169 610.305420 
1513.104736 1513.272339 609.713318 609.833252 
1511.376465 1511.601196 609.012817 609.184448 
1509.897583 1509.713989 608.302002 608.460999 
1508.210815 1508.054565 607.813843 607.806519 
1506.520386 1506.404053 607.090149 607.111694 
1504.785522 1504.774902 606.399292 606.406677 
1503.101685 1503.103516 605.703003 605.696167 
1501.391846 1501.532837 605.161011 604.977051 
1499.756470 1499.833252 604.464355 604.289185 
1498.038940 1498.172241 603.691406 603.559631 
1496.373901 1496.572144 603.023682 603.060913 
1494.632568 1494.902588 602.292603 602.331726 
1493.202393 1493.228638 601.628235 601.606567 
1491.518799 1491.596191 600.925659 600.917786 
1489.864990 1489.904785 600.479309 600.446167 
1488.201660 1488.221680 599.764893 599.787292 
1486.597656 1486.555542 599.088623 599.090515 
1484.910034 1484.885254 598.374084 598.423645 
1483.261841 1483.233521 597.703491 597.714844 
1481.647339 1481.546509 597.027771 597.045044 
1480.034058 1479.957886 596.311462 596.335693 
1478.196777 1478.382080 595.628601 595.648682 
1476.569336 1476.621094 595.016479 594.976562 
1474.934082 1475.035522 594.293091 594.301758 
1473.351196 1473.440674 593.640076 593.837769 
1471.756348 1471.828125 593.165649 593.015442 
1470.182739 1470.016235 592.474609 592.513550 
1468.355347 1468.456543 591.819885 591.866028 
1466.783569 1466.927734 591.166931 591.179321 
1465.212891 1465.180542 590.441101 590.494446 
1463.608154 1463.649048 589.751709 589.809204 
1462.049194 1461.895508 589.094116 589.125427 
1460.276245 1460.424561 588.408508 588.478638 
1458.737305 1458.671997 587.788269 587.799011 
1456.993286 1457.191895 587.127258 587.155212 
1455.506470 1455.487915 586.495239 586.508484 
1453.964233 1453.785889 585.825439 585.857605 
1452.260986 1452.257080 585.328613 585.200317 
1450.597778 1450.573242 584.691711 584.537720 
1449.107544 1449.125732 583.849976 583.907043 
1447.406250 1447.449219 583.209717 583.204041 
1445.740356 1445.805542 582.633911 582.558289 
1444.311890 1444.316650 581.951416 581.960449 
1442.628174 1442.749756 581.300659 581.357727 
1441.024780 1441.067993 580.647522 580.685059 
1439.438599 1439.506714 580.027893 580.075317 
1437.869995 1437.844116 579.372986 579.428833 
1436.323486 1436.276611 578.753113 578.781982 
1434.710327 1434.682251 578.100891 578.167053 
1433.142578 1433.072266 577.436951 577.518250 
1431.579590 1431.639648 576.853882 576.869995 
1430.010498 1429.911499 576.203064 576.224792 
1428.446045 1428.491699 575.610718 575.612122 
1426.703491 1426.742676 574.980835 575.001465 
1425.332153 1425.186646 574.347107 574.385864 
1423.575562 1423.673462 573.706543 573.764954 
1422.039673 1422.114136 573.064697 573.139587 
1420.483154 1420.581299 572.461487 572.542236 
1418.993896 1419.075928 571.783264 571.904419 
1417.490967 1417.348267 571.170654 571.273560 
1415.795166 1415.847046 570.487854 570.637939 
1414.288208 1414.342896 569.838684 569.998596 
1412.746460 1412.688843 569.187073 569.390808 
1411.230835 1411.157104 568.775208 568.747620 
1409.608154 1409.679810 568.123230 568.069885 
1408.049805 1408.078491 567.471008 567.423950 
1406.664551 1406.530640 566.852844 566.777893 
1405.076294 1405.000366 566.200623 566.165649 
1403.496582 1403.450928 565.533020 565.518921 
1402.025513 1401.881470 564.953003 564.872437 
1400.514160 1400.378662 564.372375 564.430847 
1398.811523 1398.898804 563.754333 563.655701 
1397.347534 1397.403687 563.131958 563.016785 
1395.903076 1395.917725 562.505432 562.437988 
1394.373047 1394.299072 561.876892 561.855286 
1392.724365 1392.851929 561.247864 561.235779 
1391.286499 1391.242676 560.680481 560.581360 
1389.716919 1389.827271 560.085083 559.958557 
1388.280884 1388.256470 559.455933 559.352783 
1386.868896 1386.679443 558.887512 558.795776 
1385.269165 1385.290527 558.286438 558.172913 
1383.840942 1383.716431 557.686096 557.610413 
1382.260864 1382.316040 557.085938 557.045837 
1380.856323 1380.768311 556.491577 556.451111 
1379.345459 1379.258545 555.904236 555.825623 
1377.803833 1377.748535 555.117188 555.234863 
1376.274658 1376.242188 554.574402 554.650269 
1374.757812 1374.910278 554.057739 554.074951 
1373.274414 1373.406372 553.507629 553.517151 
1371.925537 1371.946533 552.747803 552.809204 
1370.476440 1370.307129 552.187927 552.265930 
1369.005249 1368.845093 551.625732 551.718262 
1367.397339 1367.420410 551.114624 550.991028 
1365.956177 1365.968994 550.413635 550.405457 
1364.510376 1364.544556 549.848633 549.888794 
1363.118286 1363.144287 549.337463 549.362854 
1361.619507 1361.583618 548.624268 548.665466 
1360.079834 1360.082886 548.080444 548.132141 
1358.622192 1358.676636 547.506104 547.596252 
1357.333252 1357.202515 546.992554 546.888550 
1355.700317 1355.889038 546.450806 546.348511 
1354.306396 1354.217651 545.798401 545.807922 
1352.868408 1352.880127 545.275757 545.104431 
1351.480103 1351.446045 544.580811 544.620605 
1350.053101 1350.015259 544.049561 544.104919 
1348.690796 1348.642578 543.523315 543.418457 
1347.027710 1347.246216 542.861389 542.920654 
1345.640869 1345.638672 542.352783 542.366333 
1344.313232 1344.261597 541.679016 541.734314 
1343.029419 1342.939331 541.192017 541.206604 
1341.384888 1341.622681 540.649597 540.566833 
1340.086304 1340.028320 539.997192 540.031616 
1338.802368 1338.697144 539.460754 539.521729 
1337.244263 1337.217163 538.819214 538.875916 
1335.984375 1335.912598 538.353455 538.337097 
1334.448608 1334.411865 537.857544 537.854065 
1333.209717 1333.128296 537.171692 537.241028 
1331.696777 1331.619385 536.693848 536.595642 
1330.204224 1330.397339 536.178528 536.099976 
1329.000122 1328.878662 535.575439 535.601135 
1327.530518 1327.453857 534.966797 534.933289 
1326.071533 1326.228271 534.456726 534.510986 
1324.856079 1324.825073 533.814453 533.884460 
1323.429321 1323.400757 533.325317 533.405579 
1322.049683 1321.990356 532.860657 532.771057 
1320.685181 1320.627686 532.251892 532.287048 
1319.256836 1319.279663 531.640930 531.648743 
1317.910400 1317.867676 531.173889 531.214783 
1316.499512 1316.715332 530.557373 530.587158 
1315.213013 1315.396484 530.112549 530.125061 
1313.868286 1313.854736 529.466980 529.515930 
1312.601074 1312.539551 528.995728 528.928528 
1311.200806 1311.231079 528.375122 528.462280 
1309.909912 1309.969482 527.954041 527.822998 
1308.593384 1308.485596 527.366882 527.379333 
1307.297119 1307.225586 526.748352 526.791992 
1305.934814 1306.020630 526.316345 526.351318 
1304.680908 1304.691772 525.710266 525.763855 
1303.355225 1303.381348 525.268250 525.171021 
1302.063110 1302.067261 524.672424 524.690857 
1300.743286 1300.744751 524.231445 524.133728 
1299.437256 1299.412476 523.648438 523.680908 
1298.125610 1298.074585 523.038208 523.107605 
1296.788330 1296.802002 522.614258 522.530640 
1295.497437 1295.525024 522.055298 522.113525 
1294.222900 1294.205933 521.476624 521.507141 
1292.958252 1292.984253 521.050293 521.085632 
1291.576416 1291.622192 520.510376 520.536011 
1290.337280 1290.289917 519.920837 519.959473 
1289.075195 1289.006958 519.489136 519.425232 
1287.689697 1287.729736 518.921143 518.998535 
1286.618896 1286.431396 518.379944 518.414673 
1285.295776 1285.118530 517.972473 517.987427 
1283.931763 1283.977173 517.430542 517.465088 
1282.796631 1282.639893 516.880981 516.913940 
1281.446777 1281.544678 516.459656 516.377747 
1280.114502 1280.214722 515.931519 515.964783 
1279.037354 1278.901367 515.404297 515.417053 
1277.722778 1277.799072 514.851562 514.894531 
1276.413696 1276.501221 514.443970 514.372864 
1275.346069 1275.232788 513.906372 513.973938 
1274.033203 1274.133545 513.387390 513.422791 
1272.729126 1272.867798 512.877686 512.890930 
1271.677124 1271.582397 512.487549 512.497375 
1270.395996 1270.306396 511.971924 511.994568 
1269.162598 1269.075439 511.454041 511.487244 
1267.937744 1267.854370 510.933838 510.977203 
1266.693115 1266.613037 510.537445 510.464905 
1265.453613 1265.603638 510.046143 509.950226 
1264.392334 1264.318115 509.553040 509.558075 
1263.125854 1263.057495 509.052643 509.072144 
1261.857910 1262.000122 508.546295 508.584381 
1260.761108 1260.699951 508.060272 508.089417 
1259.639771 1259.580566 507.598297 507.588562 
1258.344849 1258.288574 507.130615 507.107819 
1257.260498 1257.206665 506.638824 506.650879 
1255.964478 1256.123901 506.142975 506.188324 
1254.919678 1254.871704 505.690796 505.701904 
1253.816040 1253.770020 505.204071 505.211456 
1252.529297 1252.484985 504.750977 504.764252 
1251.411499 1251.369019 504.371307 504.282898 
1250.334473 1250.294556 503.779327 503.834778 
1249.193726 1249.157593 503.318970 503.346344 
1248.063599 1248.031006 502.954407 502.873810 
1246.814941 1246.785400 502.520050 502.418549 
1245.601440 1245.573730 502.042694 502.058075 
1244.504028 1244.477905 501.559113 501.502167 
1243.515869 1243.491821 501.109070 501.156494 
1242.205078 1242.183350 500.667419 500.678284 
1241.191895 1241.172241 500.238068 500.233276 
1240.177734 1240.160278 499.768585 499.796539 
1238.880737 1238.865356 499.295593 499.247467 
1237.837158 1237.823608 498.866241 498.907776 
1236.644409 1236.870850 498.434845 498.440125 
1235.624023 1235.615601 498.000549 498.015625 
1234.464600 1234.689209 497.545380 497.589111 
1233.460571 1233.456177 497.104462 497.055969 
1232.274658 1232.272827 496.673492 496.709717 
1231.336792 1231.334961 496.259796 496.273834 
1230.192139 1230.189087 495.839783 495.847778 
1229.274292 1229.273315 495.413239 495.339783 
1228.144409 1228.147339 494.895905 494.923035 
1226.991211 1226.998901 494.488281 494.483002 
1226.108398 1225.867920 494.075928 494.090515 
1224.987427 1224.999023 493.659607 493.687561 
1223.803223 1223.817383 493.227173 493.279999 
1222.865234 1222.879639 492.833679 492.868500 
1221.913940 1221.928833 492.436188 492.441040 
1220.679443 1220.697388 491.938538 491.958282 
1219.715210 1219.735596 491.534393 491.564087 
1218.758423 1218.780640 491.128754 491.167389 
1217.805054 1217.564453 490.732086 490.767975 
1216.597656 1216.624146 490.362885 490.367035 
1215.666626 1215.695068 489.957062 489.899658 
1214.706665 1214.736938 489.563538 489.502838 
1213.578491 1213.611450 489.086395 489.115753 
1212.678833 1212.714600 488.708069 488.731903 
1211.577271 1211.616577 488.340820 488.348755 
1210.698120 1210.739136 487.939972 487.884674 
1209.624878 1209.665649 487.489380 487.505493 
1208.769531 1208.808838 487.108307 487.128540 
1207.683594 1207.723267 486.752869 486.770813 
1206.872925 1206.678223 486.364807 486.321320 
1205.792969 1205.839478 485.991730 485.940277 
1204.795166 1204.844971 485.556610 485.570740 
1203.942749 1203.767212 485.200409 485.207458 
1202.939697 1202.993042 484.824005 484.777557 
1201.917114 1201.972412 484.386658 484.424072 
1201.126831 1200.994751 484.027679 484.050934 
1200.159058 1200.001099 483.692383 483.624329 
1199.174194 1199.232666 483.239746 483.268524 
1198.203003 1198.261963 482.900177 482.922485 
1197.297363 1197.358276 482.550873 482.474945 
1196.340698 1196.404541 482.130524 482.158142 
1195.570068 1195.460571 481.788940 481.825531 
1194.493164 1194.564941 481.459137 481.396423 
1193.747925 1193.651123 481.057312 481.058533 
1192.703857 1192.779175 480.651855 480.722351 
1191.814453 1191.891357 480.332428 480.353363 
1190.937500 1191.015503 479.995087 479.951630 
1190.098877 1189.991699 479.601562 479.621765 
1189.271484 1189.195679 479.279816 479.231628 
1188.273926 1188.359009 478.875946 478.904022 
1187.472534 1187.405884 478.567200 478.585205 
1186.656982 1186.593872 478.184265 478.175446 
1185.703857 1185.793823 477.871460 477.885956 
1184.939331 1184.882812 477.480835 477.506927 
1184.039307 1183.962280 477.172302 477.197510 
1183.103882 1183.198364 476.791718 476.810852 
1182.280518 1182.378296 476.489136 476.511475 
1181.408936 1181.373047 476.110291 476.134827 
1180.703125 1180.672363 475.818939 475.834961 
1179.791504 1179.746094 475.452728 475.464691 
1178.984253 1179.008179 475.141052 475.106873 
1178.184204 1178.231201 474.786530 474.801971 
1177.245972 1177.247192 474.490204 474.433563 
1176.567505 1176.576172 474.131042 474.159973 
1175.681641 1175.702637 473.837738 473.797852 
1174.848877 1174.945190 473.469116 473.511200 
1174.142090 1174.183838 473.177155 473.150238 
1173.320435 1173.389282 472.893341 472.860596 
1172.612305 1172.620361 472.545471 472.572357 
1171.678711 1171.723877 472.252258 472.222534 
1170.990356 1171.027222 471.910645 471.935028 
1170.184448 1170.158936 471.620148 471.585968 
1169.391846 1169.395142 471.270325 471.323792 
1168.602661 1168.553711 470.993286 470.958984 
1167.807983 1167.952881 470.671021 470.693268 
1167.109863 1167.234619 470.390137 470.357941 
1166.502319 1166.463013 470.063171 470.103058 
1165.728394 1165.624512 469.787781 469.761353 
1165.034912 1165.034058 469.470520 469.492096 
1164.197388 1164.262207 469.209412 469.175598 
1163.555664 1163.525391 468.874695 468.911652 
1162.664795 1162.738525 468.626495 468.601074 
1161.974487 1162.036255 468.324005 468.337433 
1161.278809 1161.270386 468.048035 468.032562 
1160.638184 1160.700439 467.740234 467.772827 
1159.942261 1159.903809 467.488708 467.459167 
1159.179199 1159.240112 467.176147 467.211212 
1158.556030 1158.467163 466.870209 466.914673 
1157.899048 1157.855347 466.629059 466.605438 
1157.225952 1157.228394 466.332184 466.361725 
1156.468262 1156.498169 466.105530 466.064606 
1155.838501 1155.879761 465.801544 465.834717 
1155.164185 1155.108276 465.567139 465.535004 
1154.548706 1154.567139 465.283783 465.252441 
1153.891235 1153.857544 464.987244 465.029114 
1153.155518 1153.159546 464.764954 464.748352 
1152.583008 1152.550781 464.493195 464.510529 
1151.906616 1151.975708 464.217926 464.243256 
1151.310303 1151.296997 463.994476 463.965698 
1150.636475 1150.694092 463.726837 463.693756 
1149.994873 1150.020752 463.448730 463.482025 
1149.437622 1149.376953 463.242188 463.217255 
1148.842773 1148.821045 462.970886 462.949615 
1148.209961 1148.221436 462.725464 462.736298 
1147.546387 1147.578857 462.459229 462.484406 
1146.990234 1146.995117 462.249115 462.232819 
1146.330078 1146.408691 461.996704 461.977509 
1145.759644 1145.764160 461.741425 461.769257 
1145.186768 1145.171265 461.540497 461.520203 
1144.649048 1144.578613 461.292175 461.276367 
1144.087158 1144.043335 461.051208 461.078003 
1143.467041 1143.498047 460.813080 460.840546 
1142.877075 1142.916260 460.610901 460.602020 
1142.382202 1142.399170 460.383301 460.365814 
1141.838623 1141.819092 460.152679 460.165344 
1141.263428 1141.286011 459.911469 459.940918 
1140.755371 1140.679321 459.733459 459.719879 
1140.179199 1140.130127 459.513306 459.479248 
1139.687256 1139.636597 459.284027 459.306335 
1139.087524 1139.131592 459.053619 459.089020 
1138.592285 1138.630127 458.844238 458.870026 
1138.115234 1138.073242 458.673584 458.649384 
1137.574585 1137.590942 458.457306 458.442871 
1137.073364 1137.067261 458.247101 458.225800 
1136.575317 1136.584351 458.041229 458.058624 
1136.029785 1136.041626 457.832916 457.859161 
1135.609375 1135.582886 457.623047 457.648956 
1135.123047 1135.121216 457.458130 457.441101 
1134.648315 1134.617310 457.260559 457.243744 
1134.105957 1134.165161 457.061981 457.050079 
1133.668335 1133.684570 456.876495 456.886902 
1133.213867 1133.241577 456.682343 456.697601 
1132.755737 1132.720337 456.492859 456.521088 
1132.281860 1132.321411 456.319733 456.329254 
1131.857178 1131.865723 456.126587 456.142670 
1131.418945 1131.431152 455.978638 455.966125 
1130.977417 1130.954834 455.772522 455.781738 
1130.567505 1130.552979 455.593231 455.607941 
1130.128418 1130.109863 455.452545 455.438965 
1129.721680 1129.679688 455.281342 455.268372 
1129.294312 1129.269043 455.113037 455.096710 
1128.877441 1128.828369 454.941650 454.931732 
1128.471191 1128.469971 454.783936 454.765198 
1128.051025 1128.069946 454.595734 454.601868 
1127.689697 1127.668823 454.466827 454.448364 
1127.298096 1127.257568 454.306519 454.293060 
1126.908081 1126.837158 454.155945 454.132019 
1126.473389 1126.503906 454.003571 453.985626 
1126.130127 1126.148560 453.851593 453.837494 
1125.791382 1125.767334 453.700897 453.688263 
1125.432861 1125.423950 453.534698 453.546753 
1125.062744 1125.052246 453.414246 453.407562 
1124.713989 1124.718384 453.272064 453.263031 
1124.358276 1124.343384 453.113251 453.117828 
1124.025757 1124.013672 452.977966 452.986420 
1123.664673 1123.687012 452.845947 452.860077 
1123.336304 1123.334473 452.718475 452.723114 
1123.022583 1123.027588 452.589233 452.574371 
1122.713867 1122.700928 452.459808 452.449066 
1122.377563 1122.372803 452.338867 452.323395 
1122.081543 1122.092651 452.217285 452.202301 
1121.789917 1121.789185 452.069794 452.084137 
1121.475830 1121.493652 451.956970 451.969513 
1121.174438 1121.178711 451.843018 451.852692 
1120.903931 1120.901367 451.724884 451.721222 
1120.614502 1120.632568 451.621979 451.613586 
