0.000000 0.000000 0.000000 0.000000 
0.000000 0.000000 0.000000 0.000000 
0.000000 0.000000 0.000000 0.000000 
0.000000 0.000000 0.000000 0.000000 
0.000000 0.000000 0.000000 0.000000 
0.000000 0.000000 0.000000 0.000000 
0.000000 0.000000 0.000000 0.000000 
0.000000 0.000000 0.000000 0.000000 
0.000000 0.000000 0.000000 0.000000 
0.000000 0.000000 0.000000 0.000000 
0.000000 0.000000 0.000000 0.000000 
0.000000 0.000000 0.000000 0.000000 
0.000000 0.000000 0.000000 0.000000 
0.000000 0.000000 0.000000 0.000000 
0.000000 0.000000 0.000000 0.000000 
0.000000 0.000000 0.000000 0.000000 
0.000000 0.000000 0.000000 0.000000 
0.000000 0.000000 0.000000 0.000000 
0.000000 0.000000 0.000000 0.000000 
0.000000 0.000000 0.000000 0.000000 
1647.740845 1647.740845 1580.950439 1580.950439 
1649.415283 1649.433105 1581.942139 1581.942139 
1651.210571 1651.207886 1582.962402 1582.962524 
1653.028809 1653.046265 1583.997925 1583.998169 
1654.824097 1654.833496 1584.932617 1584.932861 
1656.641357 1656.595093 1585.980469 1585.980591 
1658.299805 1658.340942 1586.979492 1586.979614 
1660.057373 1660.151611 1587.977783 1587.978027 
1661.831543 1661.921875 1589.001099 1589.001221 
1663.654419 1663.602051 1589.966064 1589.966187 
1665.432495 1665.502808 1591.045776 1591.045776 
1667.175415 1667.299561 1591.937988 1591.937988 
1668.992065 1668.947144 1592.967651 1592.967407 
1670.737549 1670.757690 1593.971802 1593.971680 
1672.661133 1672.525146 1594.982788 1594.982544 
1674.302246 1674.304810 1595.885620 1595.885254 
1676.119507 1676.087646 1596.909424 1596.908936 
1677.913086 1677.860718 1597.943115 1597.942383 
1679.749023 1679.712524 1598.958984 1598.958008 
1681.590576 1681.439087 1599.932739 1599.931274 
1683.200439 1683.287231 1600.828491 1600.826904 
1685.162354 1685.039185 1601.892334 1601.890137 
1686.871582 1686.762573 1602.820435 1602.817871 
1688.824829 1688.543091 1603.837158 1603.833984 
1690.342163 1690.337280 1604.732178 1604.728516 
1692.329956 1692.117188 1605.716187 1605.711914 
1693.941650 1693.897217 1606.759399 1606.754517 
1695.953003 1695.666504 1607.723755 1607.718506 
1697.514404 1697.447754 1608.692505 1608.687256 
1699.279297 1699.243530 1609.645264 1609.640015 
1701.307251 1701.016968 1610.633057 1610.627930 
1702.878662 1702.779419 1611.682373 1611.677368 
1704.515259 1704.564209 1612.661255 1612.656006 
1706.556396 1706.330811 1613.528320 1613.523193 
1708.212646 1708.313477 1614.428589 1614.423462 
1709.944214 1709.921753 1615.609253 1615.604004 
1712.016724 1711.678955 1616.520630 1616.515503 
1713.627930 1713.467896 1617.450562 1617.445435 
1715.311035 1715.322266 1618.410645 1618.405396 
1717.010010 1717.022583 1619.352905 1619.347778 
1719.105347 1718.939575 1620.279053 1620.273926 
1720.804932 1720.815308 1621.183716 1621.178467 
1722.505737 1722.407227 1622.072510 1622.067017 
1724.213013 1724.400146 1623.169312 1623.163574 
1725.863770 1725.954468 1623.942261 1623.936646 
1728.061768 1727.653076 1625.029175 1625.023315 
1729.715942 1729.756226 1625.832031 1625.826050 
1731.441406 1731.336060 1626.797974 1626.791992 
1733.177734 1732.989990 1627.740845 1627.734497 
1734.923218 1735.046997 1628.742798 1628.736328 
1736.767090 1736.711548 1629.571045 1629.564575 
1738.540405 1738.318115 1630.561401 1630.554565 
1740.185913 1740.528442 1631.529175 1631.522217 
1742.039673 1742.134033 1632.396851 1632.389771 
1743.821167 1743.795898 1633.347046 1633.339600 
1745.546021 1745.470459 1634.325806 1634.317993 
1747.348022 1747.557251 1635.173218 1635.165283 
1749.147705 1749.235962 1636.182251 1636.174072 
1751.014160 1750.924805 1636.980469 1637.158936 
1752.741455 1752.617554 1637.994751 1637.985840 
1754.558960 1754.319702 1638.821533 1638.971680 
1756.382812 1756.378174 1639.835449 1639.825684 
1758.208008 1758.092773 1640.794678 1640.784668 
1759.959839 1759.743896 1641.646484 1641.636108 
1761.786377 1761.535156 1642.496582 1642.485718 
1763.250122 1763.268066 1643.479614 1643.468018 
1765.079712 1765.004272 1644.330566 1644.318481 
1766.911377 1766.773682 1645.339478 1645.326294 
1768.675293 1768.615356 1646.187378 1646.173462 
1770.511597 1770.328979 1647.010742 1647.181274 
1772.346924 1772.032349 1648.018677 1648.002686 
1774.257446 1773.813965 1648.842285 1648.825195 
1775.653564 1775.602295 1649.824097 1649.805542 
1777.413330 1777.395264 1650.675293 1650.655396 
1779.239502 1779.190430 1651.687500 1651.665527 
1781.080688 1781.053955 1652.513184 1652.489746 
1783.007446 1782.851685 1653.342529 1653.317139 
1784.856323 1784.586670 1654.200317 1654.172852 
1786.185181 1786.333374 1655.218628 1655.188721 
1788.104614 1788.227417 1656.047363 1656.015747 
1789.880127 1790.047974 1656.871338 1656.838379 
1791.658203 1791.797119 1657.718750 1657.843384 
1793.585938 1793.185303 1658.694092 1658.659424 
1794.921021 1795.010986 1659.505981 1659.471069 
1796.772339 1796.837402 1660.442383 1660.407227 
1798.546509 1798.597412 1661.269531 1661.234009 
1800.464478 1800.505249 1662.194824 1662.159302 
1802.371216 1802.339233 1663.011475 1662.975586 
1803.772461 1803.732178 1663.950317 1663.914185 
1805.619263 1805.564697 1664.731323 1664.694702 
1807.386108 1807.403076 1665.659546 1665.622070 
1809.227295 1809.225586 1666.432007 1666.592041 
1811.073120 1811.061768 1667.374878 1667.335327 
1812.472412 1812.459351 1668.168579 1668.276733 
1814.244141 1814.376953 1669.114380 1669.072876 
1816.163940 1816.070190 1669.911987 1669.869507 
1818.006836 1817.979248 1670.834229 1670.790527 
1819.409668 1819.821777 1671.580078 1671.684814 
1821.177368 1821.225342 1672.525757 1672.480103 
1823.119629 1823.073975 1673.296021 1673.249390 
1825.008911 1824.852051 1674.241455 1674.193726 
1826.378540 1826.629883 1675.011841 1674.963257 
1828.354004 1828.113037 1675.781738 1675.880249 
1830.257080 1829.961548 1676.697021 1676.646118 
1831.628662 1831.817627 1677.463379 1677.583984 
1833.460083 1833.667725 1678.402954 1678.349487 
1835.444214 1835.072632 1679.167847 1679.309692 
1836.817139 1836.928223 1679.979004 1680.070923 
1838.724854 1838.783813 1680.889038 1680.831787 
1840.705078 1840.638794 1681.624878 1681.737549 
1842.076660 1841.972534 1682.532959 1682.473022 
1843.970825 1843.831787 1683.341309 1683.279785 
1845.414673 1845.685913 1684.247803 1684.184692 
1847.392090 1847.540405 1685.005615 1684.941040 
1848.836182 1848.949707 1685.762939 1685.843262 
1850.661865 1850.801147 1686.543579 1686.647461 
1852.479248 1852.659424 1687.524536 1687.454956 
1853.992676 1854.092529 1688.205078 1688.304810 
1855.811768 1855.996094 1689.085693 1689.013306 
1857.705688 1857.445312 1689.790405 1689.884888 
1859.523682 1859.349243 1690.657715 1690.582520 
1861.038208 1861.254150 1691.545898 1691.468872 
1862.932007 1862.625000 1692.206421 1692.292358 
1864.369263 1864.450684 1693.079468 1692.999512 
1866.258057 1865.972656 1693.918091 1693.836792 
1867.696289 1867.872803 1694.589600 1694.694214 
1869.661865 1869.697754 1695.444214 1695.519409 
1871.546143 1871.212891 1696.262451 1696.176758 
1872.982544 1873.104004 1697.101685 1697.014404 
1874.869385 1874.459717 1697.748413 1697.813965 
1876.223267 1876.424683 1698.542969 1698.580444 
1878.179565 1877.861450 1699.473389 1699.381958 
1879.609619 1879.752808 1700.242920 1700.149902 
1881.484985 1881.566284 1700.950439 1700.989868 
1882.908081 1882.920776 1701.790649 1701.694580 
1884.781372 1884.800903 1702.471436 1702.505249 
1886.651367 1886.682495 1703.285278 1703.339111 
1887.999023 1888.109741 1703.967896 1704.021606 
1889.792603 1889.911499 1704.783569 1704.835815 
1891.732178 1891.411987 1705.621094 1705.517090 
1893.146973 1893.282104 1706.307373 1706.356445 
1895.009644 1894.700073 1707.123779 1707.016602 
1896.347534 1896.564819 1707.831421 1707.854736 
1898.275269 1898.503540 1708.647217 1708.536865 
1899.756104 1899.917114 1709.332153 1709.352539 
1901.534302 1901.773682 1710.147827 1710.165283 
1903.386963 1903.187622 1710.852051 1710.868652 
1904.716797 1905.044434 1711.683105 1711.566040 
1906.633545 1906.378662 1712.354248 1712.386841 
1908.474731 1908.306030 1713.132324 1713.183228 
1909.801636 1909.716309 1713.797485 1713.801025 
1911.642944 1911.566040 1714.584717 1714.550903 
1913.040283 1912.968384 1715.291260 1715.271362 
1914.802856 1914.815796 1716.103882 1716.110840 
1916.635864 1916.661743 1716.774536 1716.757324 
1917.953003 1917.990845 1717.460815 1717.580566 
1919.781616 1919.758423 1718.260376 1718.227173 
1921.606323 1921.231934 1718.946899 1718.935669 
1922.990967 1923.069702 1719.635620 1719.650146 
1924.810181 1924.905396 1720.360474 1720.374634 
1926.191040 1926.223145 1721.076050 1721.201294 
1927.935913 1928.123901 1721.930542 1721.788696 
1929.823120 1929.584595 1722.516968 1722.508301 
1931.203125 1931.337158 1723.357300 1723.215454 
1933.013428 1932.723633 1723.990356 1724.013550 
1934.388062 1934.469116 1724.642090 1724.732544 
1936.191040 1935.922119 1725.345093 1725.434448 
1937.558960 1937.662964 1726.146240 1726.146851 
1939.354858 1939.477295 1726.750977 1726.870361 
1941.221436 1940.854004 1727.494385 1727.458984 
1942.581299 1942.661743 1728.203735 1728.208008 
1944.224854 1943.960938 1728.972656 1728.839844 
1945.581055 1945.765381 1729.604614 1729.570679 
1947.294922 1947.492310 1730.314697 1730.320312 
1949.003662 1948.859009 1730.925903 1730.933838 
1950.638428 1950.653809 1731.658936 1731.666626 
1951.986816 1952.014038 1732.292480 1732.279297 
1953.692383 1953.729980 1733.020386 1733.009033 
1955.393921 1955.585449 1733.750732 1733.760010 
1957.018921 1956.869385 1734.383423 1734.371826 
1958.362427 1958.652222 1734.994385 1735.102173 
1960.056030 1960.004517 1735.724487 1735.735107 
1961.745117 1961.782715 1736.456177 1736.447876 
1963.573242 1963.201294 1737.069336 1737.080444 
1964.905518 1964.969727 1737.683228 1737.674194 
1966.651611 1966.310913 1738.435303 1738.427979 
1967.907593 1968.072021 1739.049683 1739.044678 
1969.651733 1969.409546 1739.694824 1739.690063 
1971.387451 1971.165649 1740.299561 1740.316772 
1972.632568 1972.916138 1741.043823 1741.060669 
1974.493896 1974.174194 1741.685791 1741.682495 
1975.732056 1975.851929 1742.289307 1742.286133 
1977.441650 1977.524780 1742.914429 1742.930542 
1979.150391 1978.776855 1743.572998 1743.570923 
1980.377197 1980.443481 1744.313354 1744.191284 
1982.148193 1982.039795 1744.936401 1744.915405 
1983.776855 1983.704712 1745.559326 1745.558594 
1985.123779 1985.017456 1746.160156 1746.158936 
1986.742432 1986.606323 1746.779297 1746.798950 
1988.026245 1988.258057 1747.417114 1747.436768 
1989.700928 1989.565674 1748.053101 1748.033081 
1991.377197 1991.283081 1748.668213 1748.668335 
1992.979980 1992.995728 1749.281860 1749.282104 
1994.242432 1994.291748 1749.892334 1749.912476 
1995.901978 1995.994507 1750.520752 1750.521362 
1997.622803 1997.286987 1751.107788 1751.127930 
1998.815430 1998.921997 1751.732666 1751.731812 
2000.468140 2000.688354 1752.354004 1752.354492 
2002.122070 2001.909668 1752.935547 1752.935547 
2003.378784 2003.605103 1753.551636 1753.571777 
2005.036377 2004.890747 1754.148926 1754.149658 
2006.629761 2006.648071 1754.763916 1754.764893 
2007.889526 2007.863403 1755.338867 1755.339844 
2009.546509 2009.550537 1755.930664 1755.931641 
2010.869873 2010.761841 1756.538940 1756.539307 
2012.521362 2012.508789 1757.126587 1757.127075 
2014.167969 2013.780273 1757.730469 1757.731445 
2015.342896 2015.451660 1758.315308 1758.316284 
2016.979126 2017.118774 1758.898193 1758.899414 
2018.549927 2018.314697 1759.478516 1759.479614 
2019.854614 2019.973267 1760.056763 1760.057861 
2021.478760 2021.163452 1760.632935 1760.634033 
2023.089600 2022.808228 1761.207520 1761.227051 
2024.219238 2024.057251 1761.779663 1761.798950 
2025.679199 2025.759888 1762.370117 1762.372070 
2027.038330 2027.396606 1762.970947 1762.862183 
2028.471680 2028.573242 1763.421631 1763.444580 
2029.978882 2030.199707 1764.020996 1764.024902 
2031.463989 2031.429443 1764.598999 1764.603271 
2032.835938 2033.044800 1765.155884 1765.159790 
2034.294434 2034.587280 1765.747925 1765.641357 
2035.795044 2035.803223 1766.227295 1766.231079 
2037.200439 2037.399170 1766.777344 1766.799194 
2038.732300 2038.669556 1767.360352 1767.363892 
2040.140991 2040.255127 1767.921997 1767.925659 
2041.668335 2041.393188 1768.391235 1768.394775 
2043.140137 2042.960571 1768.948608 1768.952148 
2044.616211 2044.526367 1769.484741 1769.488525 
2045.744995 2045.653320 1770.054810 1770.040527 
2047.233276 2047.284302 1770.585449 1770.588867 
2048.775146 2048.850830 1771.113281 1771.134155 
2050.196533 2049.913818 1771.586304 1771.589478 
2051.319336 2051.538086 1772.126709 1772.129761 
2052.798828 2053.016113 1772.664062 1772.684570 
2054.280762 2054.231689 1773.215698 1773.115601 
2055.755615 2055.752441 1773.661621 1773.664673 
2056.878418 2057.102051 1774.190918 1774.210938 
2058.353516 2058.501465 1774.717285 1774.737305 
2059.831787 2059.912354 1775.257812 1775.159790 
2061.246826 2061.226562 1775.678101 1775.681030 
2062.712402 2062.744385 1776.196289 1776.215942 
2063.762939 2063.916748 1776.728149 1776.731201 
2065.233154 2065.449219 1777.240723 1777.260132 
2066.699951 2066.612549 1777.668213 1777.655396 
2067.873047 2067.958008 1778.257568 1778.162476 
2069.353760 2069.375977 1778.680786 1778.683472 
2070.768066 2070.763916 1779.182129 1779.184814 
2071.894287 2071.907227 1779.680420 1779.698975 
2073.432617 2073.363770 1780.095581 1780.098145 
2074.838623 2074.586670 1780.572388 1780.590454 
2076.002686 2075.935791 1781.078125 1781.064575 
2077.459961 2077.407959 1781.565063 1781.583008 
2078.910645 2078.667725 1782.048706 1782.066406 
2080.016113 2079.926514 1782.545532 1782.454834 
2081.404785 2081.426270 1782.915527 1782.932983 
2082.848633 2082.857666 1783.391479 1783.393555 
2083.948730 2084.040527 1783.864380 1783.851074 
2085.340088 2085.170166 1784.318848 1784.335938 
2086.794922 2086.577148 1784.800659 1784.802490 
2087.896240 2088.047119 1785.279053 1785.265747 
2089.335449 2089.105469 1785.739136 1785.651978 
2090.708008 2090.566895 1786.182373 1786.198608 
2091.852295 2091.675781 1786.564087 1786.565552 
2093.297852 2093.137207 1787.031860 1787.018677 
2094.349365 2094.255371 1787.481079 1787.482544 
2095.811035 2095.721680 1787.927002 1787.942627 
2096.925049 2097.127930 1788.384155 1788.300171 
2098.381592 2098.173584 1788.739380 1788.755005 
2099.488525 2099.678711 1789.190674 1789.191895 
2100.947998 2100.781982 1789.611206 1789.612183 
2102.016602 2101.891357 1790.028564 1790.015747 
2103.208252 2103.310547 1790.443115 1790.443970 
2104.733643 2104.435059 1790.854858 1790.855713 
2105.904785 2105.918701 1791.264038 1791.265137 
2107.112061 2107.037598 1791.751221 1791.671143 
2108.358154 2108.159668 1792.154785 1792.075195 
2109.612549 2109.637939 1792.555054 1792.555664 
2110.862793 2110.718018 1792.886597 1792.887207 
2112.111572 2111.923584 1793.295166 1793.308716 
2113.302002 2113.096680 1793.712891 1793.713257 
2114.546631 2114.281738 1794.114380 1794.115234 
2115.783936 2115.495605 1794.501099 1794.514404 
2116.950439 2117.160400 1794.910156 1794.910522 
2118.182129 2118.035645 1795.303467 1795.316406 
2119.350586 2119.312012 1795.706299 1795.719238 
2120.571289 2120.517090 1796.094360 1796.094360 
2121.724854 2121.788086 1796.405396 1796.405151 
2122.942139 2123.054443 1796.788208 1796.787720 
2124.223389 2124.253906 1797.179688 1797.178833 
2125.432129 2125.112061 1797.555908 1797.555054 
2126.572266 2126.297119 1797.928955 1797.927979 
2127.772705 2127.546875 1798.298950 1798.285767 
2128.971191 2128.724365 1798.653687 1798.664062 
2130.105469 2129.959717 1799.028320 1799.038330 
2131.235596 2131.191895 1799.399780 1799.398315 
2132.419678 2132.413330 1799.757080 1799.755859 
2133.537598 2133.248291 1800.111450 1800.120605 
2134.401855 2134.460449 1800.405640 1800.403809 
2135.939453 2135.604004 1800.809570 1800.807495 
2137.041992 2136.806641 1801.165039 1801.096436 
2137.837158 2138.006104 1801.440430 1801.438354 
2139.362793 2139.141602 1801.779419 1801.788208 
2140.090088 2140.270508 1802.126099 1802.124023 
2141.294434 2141.453613 1802.458618 1802.445923 
2142.435303 2142.570557 1802.777588 1802.775269 
2143.572754 2143.744629 1803.114990 1803.112915 
2144.588379 2144.972412 1803.438721 1803.426270 
2145.713867 2145.706299 1803.760010 1803.757690 
2146.837402 2146.865967 1804.068115 1804.076416 
2148.012695 2147.964844 1804.388916 1804.387939 
2149.065186 2149.115234 1804.725586 1804.712891 
2150.172363 2150.320068 1805.025146 1805.022705 
2151.273682 2151.458252 1805.330566 1805.327515 
2152.311768 2152.592773 1805.642700 1805.639771 
2153.402344 2153.306396 1805.950195 1805.946411 
2154.431885 2154.725830 1806.240356 1806.244751 
2155.512695 2155.489990 1806.521973 1806.568604 
2156.586182 2156.605713 1806.860352 1806.851929 
2157.662109 2157.713379 1807.118408 1807.119629 
2158.735596 2158.758057 1807.416870 1807.409058 
2159.750977 2159.855225 1807.713135 1807.706543 
2160.803955 2160.948242 1807.990967 1807.990112 
2161.851074 2162.035400 1808.260498 1808.259888 
2162.901611 2163.061035 1808.539062 1808.530640 
2163.948730 2164.137207 1808.809326 1808.809082 
2164.933350 2165.149414 1809.078857 1809.113159 
2165.960693 2165.933838 1809.370117 1809.368408 
2166.981445 2166.941162 1809.630737 1809.620483 
2167.998535 2168.002441 1809.874634 1809.899658 
2169.012451 2169.062256 1810.158813 1810.147705 
2169.967773 2170.106934 1810.409058 1810.396606 
2170.968262 2171.096191 1810.674683 1810.650024 
2171.963867 2172.136963 1810.909180 1810.924561 
2172.900146 2173.171875 1811.161011 1811.168823 
2173.890137 2174.195801 1811.401978 1811.414429 
2174.877197 2175.214600 1811.652588 1811.665405 
2175.853760 2175.855469 1811.899414 1811.912354 
2176.819580 2176.865723 1812.142334 1812.150146 
2178.032227 2177.871094 1812.367188 1812.366089 
2178.943115 2178.818359 1812.594482 1812.592773 
2179.897705 2179.811523 1812.825073 1812.829224 
2180.838379 2180.798584 1813.061890 1813.054077 
2181.680908 2181.728516 1813.271973 1813.274048 
2182.673828 2182.707031 1813.515137 1813.531006 
2183.612549 2183.680908 1813.735840 1813.712524 
2184.489014 2184.647705 1813.943848 1813.954712 
2185.464600 2185.608398 1814.153076 1814.167480 
2186.334473 2186.511963 1814.376343 1814.353638 
2187.247559 2187.412354 1814.578613 1814.577515 
2188.156738 2188.359131 1814.779663 1814.772949 
2189.060303 2189.246338 1814.986450 1815.015381 
2189.958252 2190.128906 1815.205688 1815.177856 
2190.801758 2191.107178 1815.423462 1815.395508 
2191.965576 2191.691650 1815.609741 1815.581787 
2192.805176 2192.614014 1815.794434 1815.766602 
2193.732910 2193.527100 1815.986694 1815.959106 
2194.557617 2194.440918 1816.160156 1816.132690 
2195.371826 2195.345703 1816.358765 1816.331421 
2196.181641 2196.149902 1816.564819 1816.537598 
2197.036133 2197.089111 1816.650513 1816.707764 
2197.885742 2197.976318 1816.817505 1816.885132 
2198.690918 2198.855957 1816.991455 1817.042603 
2199.798828 2199.684326 1817.219727 1817.193359 
2200.586426 2200.551758 1817.367676 1817.341431 
2201.406738 2201.372070 1817.494629 1817.539795 
2202.185791 2202.277588 1817.688965 1817.663086 
2203.004883 2203.086914 1817.840210 1817.814575 
2203.830322 2203.887695 1817.961426 1817.972778 
2204.647949 2204.683105 1818.141113 1818.115601 
2205.460693 2205.515869 1818.260254 1818.260864 
2206.261719 2206.345215 1818.410522 1818.411865 
2207.015381 2207.127930 1818.554932 1818.557861 
2207.811523 2207.906494 1818.693604 1818.701050 
2208.602783 2208.720459 1818.845825 1818.849243 
2209.389648 2209.484863 1818.959839 1818.967773 
2210.169678 2210.285156 1819.109375 1819.112305 
2211.149658 2211.080811 1819.224731 1819.227295 
2211.926270 2211.874512 1819.367554 1819.342651 
2212.655029 2212.661621 1819.482544 1819.484863 
2213.377441 2213.443115 1819.596436 1819.603271 
2214.169922 2214.218018 1819.713501 1819.715210 
2214.916992 2214.943604 1819.823364 1819.824341 
2215.621582 2215.704834 1819.926147 1819.926514 
2216.361328 2216.459961 1820.056030 1820.031128 
2217.057861 2217.169922 1820.133911 1820.134033 
2217.787109 2217.912354 1820.262451 1820.238770 
2218.472412 2218.647461 1820.336426 1820.336182 
2219.192871 2219.303467 1820.449097 1820.452637 
2219.944336 2220.072021 1820.539185 1820.538818 
2220.872070 2220.795654 1820.626099 1820.629028 
2221.350342 2221.437256 1820.713135 1820.712646 
2222.223389 2222.184082 1820.794067 1820.793457 
2222.907959 2222.887939 1820.872192 1820.871582 
2223.588867 2223.549561 1820.965088 1820.964600 
2224.230225 2224.243408 1821.039551 1821.038940 
2224.903076 2224.895996 1821.105591 1821.107544 
2225.570557 2225.542725 1821.174072 1821.173218 
2226.196289 2226.257080 1821.237061 1821.238647 
2226.886719 2226.930664 1821.311523 1821.312988 
2227.537842 2227.562012 1821.370728 1821.370117 
2228.181885 2228.257080 1821.423218 1821.424561 
2228.821045 2228.911865 1821.479248 1821.490601 
2229.623291 2229.526611 1821.539917 1821.541138 
2230.218994 2230.170654 1821.588013 1821.585571 
2230.842773 2230.809570 1821.630249 1821.631226 
2231.432129 2231.410400 1821.683228 1821.684082 
2232.016602 2232.039551 1821.720459 1821.719727 
2232.630371 2232.664062 1821.755615 1821.764893 
2233.237793 2233.249023 1821.799316 1821.800171 
2234.029785 2233.893311 1821.832031 1821.831421 
2234.593506 2234.500000 1821.860718 1821.860352 
2235.184570 2235.100830 1821.886963 1821.886475 
2235.740479 2235.695557 1821.910522 1821.910767 
2236.290771 2236.255127 1821.931152 1821.931396 
2236.895508 2236.992188 1821.949829 1821.949463 
2237.434570 2237.568359 1821.964478 1821.963623 
2237.998291 2238.109863 1821.977539 1821.976685 
2238.557861 2238.644775 1821.989014 1821.988281 
2239.110352 2239.204834 1821.995483 1821.994751 
2239.800537 2239.757568 1821.998901 1821.998901 
2240.342041 2240.276367 1822.000000 1822.000000 
2240.877686 2240.817383 1821.998291 1821.998413 
2241.379883 2241.325439 1821.993652 1821.993896 
2241.904541 2241.885254 1821.987061 1821.987183 
2242.424072 2242.383057 1821.976929 1821.977051 
2242.911377 2243.066650 1821.963623 1821.964355 
2243.580322 2243.552979 1821.947998 1821.944946 
2244.108887 2244.061035 1821.929688 1821.926025 
2244.606201 2244.564941 1821.908569 1821.904541 
2245.071533 2245.062012 1821.878540 1821.880371 
2245.557129 2245.527588 1821.851196 1821.853271 
2246.037842 2246.015137 1821.821045 1821.823364 
2246.489746 2246.471436 1821.788208 1821.790894 
2246.960938 2246.972168 1821.752563 1821.755615 
2247.426025 2247.417480 1821.714233 1821.717407 
2247.884766 2248.027100 1821.674683 1821.666382 
2248.482666 2248.460205 1821.632690 1821.624023 
2248.931885 2248.912354 1821.586182 1821.577148 
2249.349609 2249.358643 1821.534912 1821.525391 
2249.783691 2249.777588 1821.482666 1821.474976 
2250.215088 2250.212891 1821.416382 1821.422119 
2250.642578 2250.664795 1821.358032 1821.361938 
2251.042236 2251.088135 1821.294434 1821.301147 
2251.585938 2251.485596 1821.230469 1821.237671 
2251.992920 2251.900635 1821.166382 1821.171509 
2252.396729 2252.436768 1821.096802 1821.102539 
2252.795654 2252.836914 1821.024536 1821.012939 
2253.167969 2253.213135 1820.946411 1820.934448 
2253.574707 2253.606445 1820.871460 1820.862793 
2253.935059 2253.973145 1820.787720 1820.779053 
2254.432129 2254.372314 1820.707520 1820.695801 
2254.784424 2254.746338 1820.618042 1820.609741 
2255.149658 2255.116699 1820.529175 1820.520874 
2255.507324 2255.577148 1820.418823 1820.429321 
2255.860107 2255.933594 1820.323975 1820.338989 
2256.318604 2256.283691 1820.226318 1820.238281 
2256.661621 2256.611816 1820.125977 1820.114380 
2256.981445 2256.972412 1820.022949 1820.015869 
2257.313477 2257.291748 1819.913086 1819.906128 
2257.623047 2257.621094 1819.804443 1819.793457 
2258.044678 2257.944580 1819.697510 1819.691406 
2258.342773 2258.348145 1819.583984 1819.573486 
2258.652588 2258.663574 1819.463013 1819.457642 
2258.956787 2258.973145 1819.314819 1819.338989 
2259.271729 2259.275146 1819.222290 1819.217773 
2259.550537 2259.663086 1819.067871 1819.089233 
2259.915527 2259.846680 1818.935547 1818.963135 
2260.198486 2260.223389 1818.810791 1818.808228 
2260.475098 2260.504150 1818.683594 1818.676270 
2260.745850 2260.779297 1818.543335 1818.541870 
2261.010254 2261.034912 1818.405762 1818.405151 
2261.351562 2261.299561 1818.231934 1818.265869 
2261.606934 2261.625732 1818.088745 1818.083740 
2261.844727 2261.878174 1817.942871 1817.944336 
2262.091309 2262.125244 1817.794312 1817.796631 
2262.402832 2262.367188 1817.637329 1817.646729 
2262.629150 2262.603516 1817.496460 1817.488037 
2262.854736 2262.835449 1817.334229 1817.338989 
2263.076904 2263.121338 1817.137085 1817.142944 
2263.292969 2263.342041 1816.981812 1816.975708 
2263.555420 2263.556641 1816.810913 1816.812012 
2263.756104 2263.764648 1816.636841 1816.645752 
2264.012939 2263.956787 1816.467163 1816.477173 
2264.203857 2264.217529 1816.301758 1816.305786 
2264.390625 2264.411133 1816.126587 1816.096558 
2264.626953 2264.599854 1815.905640 1815.912109 
2264.791016 2264.782471 1815.724609 1815.739624 
2264.968750 2264.957520 1815.541138 1815.557495 
2265.185547 2265.170166 1815.362549 1815.328247 
2265.328613 2265.334961 1815.173828 1815.147705 
2265.491699 2265.501953 1814.943970 1814.957275 
2265.642090 2265.646973 1814.741821 1814.764526 
2265.832764 2265.837402 1814.553101 1814.569702 
2265.972412 2265.976074 1814.346436 1814.317017 
2266.141113 2266.110596 1814.088501 1814.108887 
2266.269043 2266.282227 1813.933594 1813.906494 
2266.392334 2266.400635 1813.669800 1813.701782 
2266.542480 2266.520508 1813.460938 1813.495117 
2266.662354 2266.676270 1813.258667 1813.235352 
2266.771973 2266.779297 1813.036621 1813.023193 
2266.876953 2266.883789 1812.829590 1812.808838 
2267.001953 2267.008789 1812.567749 1812.592285 
2267.094971 2267.102295 1812.338379 1812.329346 
2267.210693 2267.191650 1812.124390 1812.098999 
2267.293701 2267.301270 1811.881104 1811.875000 
2267.371826 2267.379150 1811.598267 1811.639648 
2267.464355 2267.447998 1811.367554 1811.355591 
2267.532227 2267.537354 1811.134521 1811.123901 
2267.595215 2267.603027 1810.889404 1810.899292 
2267.668457 2267.675537 1810.660889 1810.596191 
2267.724121 2267.728027 1810.362305 1810.365845 
2267.772217 2267.775879 1810.118652 1810.114258 
2267.828369 2267.818848 1809.872559 1809.879395 
2267.861816 2267.866211 1809.624023 1809.563110 
2267.906006 2267.900391 1809.312622 1809.323364 
2267.933105 2267.935791 1809.069092 1809.071167 
2267.954346 2267.956543 1808.812866 1808.806274 
2267.978027 2267.974365 1808.470459 1808.486694 
2267.988770 2267.990234 1808.208618 1808.215942 
2267.996826 2267.997314 1807.943970 1807.963745 
2268.000000 2268.000000 1807.687744 1807.698120 
2267.995361 2267.996582 1807.407227 1807.354736 
2267.986816 2267.989258 1807.069336 1807.094482 
2267.973633 2267.971680 1806.793945 1806.810059 
2267.955811 2267.955322 1806.527222 1806.478271 
2267.925781 2267.925293 1806.167847 1806.199219 
2267.899170 2267.895752 1805.895752 1805.928833 
2267.855713 2267.854004 1805.609497 1805.633301 
2267.817627 2267.815918 1805.309326 1805.277466 
2267.774902 2267.775635 1804.959595 1804.987793 
2267.712158 2267.710449 1804.653687 1804.684082 
2267.661865 2267.663086 1804.369019 1804.401245 
2267.585938 2267.587646 1804.058105 1804.020874 
2267.526367 2267.521729 1803.756592 1803.720947 
2267.437256 2267.454346 1803.379395 1803.442993 
2267.364502 2267.359619 1803.109497 1803.040771 
2267.287354 2267.286621 1802.763428 1802.733032 
2267.174561 2267.178955 1802.451538 1802.423218 
2267.091797 2267.091797 1802.061890 1802.111084 
2266.995117 2266.970947 1801.757935 1801.733643 
2266.877686 2266.873779 1801.438965 1801.416138 
2266.770752 2266.739258 1801.039917 1801.097046 
2266.624512 2266.637939 1800.716064 1800.698242 
2266.518555 2266.490723 1800.390015 1800.374268 
2266.358643 2266.380371 1800.061890 1800.035156 
2266.243408 2266.220459 1799.718262 1799.627686 
2266.070312 2266.094482 1799.305664 1799.296387 
2265.945557 2265.963867 1798.970093 1798.949951 
2265.802490 2265.778564 1798.619141 1798.614624 
2265.624756 2265.645752 1798.279541 1798.276978 
2265.479492 2265.447021 1797.841431 1797.841675 
2265.281494 2265.312744 1797.496460 1797.512817 
2265.126221 2265.092285 1797.163330 1797.167847 
2264.915771 2264.931885 1796.715820 1796.723145 
2264.750977 2264.775635 1796.363525 1796.372925 
2264.537109 2264.544189 1796.008545 1796.020752 
2264.363037 2264.379639 1795.651489 1795.651855 
2264.137207 2264.135254 1795.277710 1795.223267 
2263.963379 2263.961670 1794.843140 1794.863525 
2263.725586 2263.704346 1794.478394 1794.487061 
2263.522949 2263.521484 1794.096558 1794.034424 
2263.273193 2263.250977 1793.637817 1793.667358 
2263.071045 2263.059082 1793.265259 1793.297974 
2262.798828 2262.786377 1792.890869 1792.911255 
2262.586914 2262.574951 1792.498413 1792.447998 
2262.302246 2262.290771 1792.028687 1792.072388 
2262.092773 2262.082031 1791.647583 1791.604004 
2261.796143 2261.785889 1791.264771 1791.208496 
2261.553955 2261.568359 1790.864380 1790.842163 
2261.258057 2261.272705 1790.399902 1790.366577 
2261.019531 2260.958252 1790.011230 1789.981079 
2260.686279 2260.728027 1789.526489 1789.593750 
2260.438232 2260.402588 1789.133667 1789.126587 
2260.119385 2260.150146 1788.659912 1788.750977 
2259.862061 2259.812012 1788.279053 1788.247803 
2259.517090 2259.550537 1787.864990 1787.868286 
2259.250244 2259.213867 1787.384033 1787.359985 
2258.893799 2258.942627 1786.965332 1786.944702 
2258.618408 2258.564941 1786.560791 1786.559082 
2258.250244 2258.284912 1786.056274 1786.042603 
2257.966309 2257.911133 1785.647339 1785.653076 
2257.586914 2257.622803 1785.137329 1785.228760 
2257.201416 2257.238525 1784.707153 1784.736328 
2256.903809 2256.848145 1784.324585 1784.323730 
2256.506592 2256.546875 1783.789307 1783.808960 
2256.200195 2256.160156 1783.368530 1783.374634 
2255.807373 2255.849609 1782.945679 1782.854004 
2255.475586 2255.435059 1782.401367 1782.431641 
2255.054932 2255.116211 1781.973877 1781.922241 
2254.730957 2254.689453 1781.457886 1781.495361 
2254.299072 2254.360596 1781.025635 1781.066406 
2253.966553 2253.923340 1780.591309 1780.513916 
2253.522949 2253.462646 1780.031982 1780.079834 
2253.091064 2253.121582 1779.592651 1779.538452 
2252.745117 2252.686035 1779.150757 1779.081421 
2252.284424 2252.337402 1778.617554 1778.639771 
2251.911377 2251.853760 1778.152588 1778.071045 
2251.459229 2251.401367 1777.685059 1777.623901 
2250.982422 2251.020020 1777.106323 1777.174683 
2250.615967 2250.538330 1776.651489 1776.614502 
2250.128418 2250.187988 1776.194458 1776.160400 
2249.754150 2249.696045 1775.624512 1775.594360 
2249.256104 2249.177734 1775.162598 1775.135620 
2248.770996 2248.814697 1774.605469 1774.674805 
2248.382568 2248.325195 1774.120239 1774.100586 
2247.866699 2247.912354 1773.651611 1773.616577 
2247.344971 2247.390869 1773.048828 1773.036743 
2246.944580 2246.863281 1772.575439 1772.566895 
2246.413574 2246.459473 1772.100342 1772.095093 
2245.855469 2245.922852 1771.508057 1771.507324 
2245.465820 2245.381348 1771.028442 1771.031250 
2244.918701 2244.966797 1770.431030 1770.438477 
2244.498535 2244.415771 1769.947266 1769.958496 
2243.963379 2243.880127 1769.344849 1769.457642 
2243.399658 2243.451172 1768.837646 1768.857910 
2242.830811 2242.905029 1768.367798 1768.372559 
2242.417725 2242.307129 1767.739014 1767.768188 
2241.862549 2241.866211 1767.245850 1767.279053 
2241.255127 2241.281738 1766.751099 1766.670044 
2240.783447 2240.692871 1766.155029 1766.177002 
2240.211670 2240.242432 1765.656372 1765.543213 
2239.634033 2239.643311 1765.015503 1765.065552 
2239.148926 2239.038330 1764.532349 1764.546631 
2238.538574 2238.452881 1764.007446 1763.925293 
2237.947998 2237.985107 1763.358765 1763.442261 
2237.303955 2237.390381 1762.869995 1762.795166 
2236.731445 2236.766113 1762.235596 1762.185913 
2236.254395 2236.163330 1761.722046 1761.676147 
2235.620605 2235.657227 1761.082520 1761.143799 
2234.980713 2234.993408 1760.564453 1760.506592 
2234.464844 2234.372803 1759.898315 1759.990356 
2233.841553 2233.877686 1759.375732 1759.451538 
2233.187744 2233.220703 1758.872070 1758.827515 
2232.528809 2232.558105 1758.176758 1758.284912 
2232.024170 2231.917969 1757.647949 1757.635742 
2231.330078 2231.221680 1757.011353 1757.110962 
2230.656250 2230.764404 1756.457886 1756.437012 
2229.948975 2230.087646 1755.924561 1755.909180 
2229.455078 2229.404541 1755.239990 1755.231689 
2228.736084 2228.853760 1754.703613 1754.722290 
2228.178223 2228.160889 1754.058472 1754.019409 
2227.533203 2227.490479 1753.475708 1753.485840 
2226.799561 2226.788086 1752.935181 1752.822021 
2226.087891 2226.081543 1752.263306 1752.285767 
2225.544434 2225.541016 1751.719727 1751.597534 
2224.854736 2224.798584 1751.022583 1751.058350 
2224.102295 2224.077637 1750.476440 1750.366333 
2223.372803 2223.322510 1749.797607 1749.845947 
2222.668457 2222.796631 1749.226807 1749.127808 
2221.901367 2222.033447 1748.521729 1748.582031 
2221.367676 2221.294678 1747.969360 1747.902710 
2220.623047 2220.524170 1747.281738 1747.353027 
2219.903564 2219.809814 1746.703125 1746.646606 
2219.118652 2219.241211 1746.010498 1746.092896 
2218.359619 2218.490967 1745.449951 1745.403564 
2217.779053 2217.736816 1744.752441 1744.823486 
2217.011475 2217.008301 1744.187988 1744.129517 
2216.239746 2216.212402 1743.485718 1743.567505 
2215.463867 2215.442871 1742.894775 1742.846069 
2214.652100 2214.667969 1742.164307 1742.144531 
2213.867920 2213.920654 1741.592163 1741.576294 
2213.270264 2213.137939 1740.880249 1740.983643 
2212.478516 2212.539062 1740.280396 1740.274292 
2211.715332 2211.747070 1739.539673 1739.561768 
2210.916748 2210.950195 1738.982056 1738.984863 
2210.113525 2210.147461 1738.259033 1738.242432 
2209.370850 2209.340088 1737.649902 1737.683228 
2208.559082 2208.495850 1736.895996 1736.957764 
2207.709717 2207.680176 1736.352661 1736.208130 
2206.887939 2206.860352 1735.616455 1735.644043 
2206.061035 2206.038086 1734.998657 1734.889404 
2205.228516 2205.409424 1734.259399 1734.274292 
2204.592285 2204.579346 1733.661377 1733.538452 
2203.751953 2203.778809 1732.917480 1732.967285 
2202.907715 2202.940674 1732.291626 1732.179199 
2202.026367 2202.096436 1731.543091 1731.604248 
2201.175049 2201.247070 1730.913208 1730.859497 
2200.320068 2200.393066 1730.184448 1730.257080 
2199.494873 2199.569824 1729.453125 1729.508179 
2198.596191 2198.674316 1728.842041 1728.877808 
2197.763184 2197.879639 1728.033447 1728.125122 
2196.855713 2196.943604 1727.418579 1727.346313 
2195.979248 2196.073730 1726.630615 1726.760742 
2195.171143 2195.200439 1726.013672 1726.002930 
2194.289551 2194.323242 1725.271729 1725.243164 
2193.406494 2193.407227 1724.652222 1724.604614 
2192.520996 2192.522705 1723.882202 1723.840942 
2191.598145 2191.669922 1723.234985 1723.224121 
2190.703857 2190.812500 1722.461182 1722.457275 
2189.770264 2189.845459 1721.660522 1721.663452 
2188.906982 2188.944824 1721.058716 1721.066528 
2188.004150 2188.041504 1720.254028 1720.268555 
2187.098877 2187.209229 1719.648926 1719.643555 
2186.192139 2186.300293 1718.839844 1718.866333 
2185.317383 2185.386963 1718.205933 1718.111816 
2184.401855 2184.467773 1717.417603 1717.481323 
2183.487305 2183.543945 1716.652222 1716.697266 
2182.569824 2182.580566 1716.012451 1715.885498 
2181.428711 2181.647949 1715.216919 1715.249390 
2180.505371 2180.711426 1714.392700 1714.458862 
2179.579346 2179.547363 1713.747192 1713.666504 
2178.653320 2178.604736 1712.944702 1713.000854 
2177.719971 2177.658447 1712.296143 1712.206055 
2176.779297 2176.746582 1711.464478 1711.564087 
2175.803711 2175.793213 1710.813721 1710.767212 
2174.864502 2174.840088 1710.005737 1709.917725 
2173.958252 2173.884277 1709.327393 1709.299194 
2172.784424 2172.963379 1708.517456 1708.525024 
2171.832031 2171.964600 1707.706543 1707.698120 
2170.877197 2170.769531 1706.920654 1707.024414 
2169.920898 2169.804688 1706.238770 1706.221680 
2168.959717 2168.833984 1705.397583 1705.417847 
2167.764404 2167.855469 1704.740479 1704.768921 
2166.796631 2166.838135 1703.924805 1703.963013 
2165.787842 2165.858398 1703.108154 1703.155762 
2164.854004 2164.914551 1702.448730 1702.346802 
2163.878662 2163.693604 1701.629517 1701.535889 
2162.666992 2162.704102 1700.808838 1700.854126 
2161.686035 2161.711182 1699.986206 1700.039429 
2160.702637 2160.717529 1699.321167 1699.221924 
2159.674805 2159.719482 1698.468018 1698.561523 
2158.681641 2158.478516 1697.638794 1697.766846 
2157.646729 2157.474365 1696.995728 1696.917236 
2156.449219 2156.427490 1696.163086 1696.092773 
2155.449951 2155.458984 1695.301392 1695.399658 
2154.445068 2154.447998 1694.627319 1694.570557 
2153.193848 2153.192139 1693.762451 1693.713013 
2152.221680 2152.175049 1692.921997 1693.012451 
2151.207031 2151.154541 1692.052612 1692.202026 
2149.948730 2150.090332 1691.370239 1691.334961 
2148.933594 2148.816650 1690.493652 1690.494019 
2147.955078 2147.746338 1689.669678 1689.813232 
2146.642822 2146.757812 1688.954956 1688.940063 
2145.573242 2145.726562 1688.100220 1688.119141 
2144.541748 2144.487549 1687.214478 1687.267944 
2143.466309 2143.411133 1686.548950 1686.580444 
2142.182129 2142.415039 1685.714355 1685.698364 
2141.143555 2141.126465 1684.822510 1684.814209 
2140.102295 2140.084717 1684.096191 1683.981445 
2138.809326 2139.040283 1683.228394 1683.259888 
2137.805908 2137.782959 1682.328979 1682.397949 
2136.714355 2136.690430 1681.653442 1681.561646 
2135.406494 2135.595459 1680.780029 1680.667969 
2134.306396 2134.289307 1679.904541 1679.968384 
2133.287598 2133.194092 1679.027222 1679.099854 
2131.973145 2132.139648 1678.318604 1678.228516 
2130.907471 2130.871826 1677.409912 1677.357544 
2129.792725 2129.770020 1676.528442 1676.625977 
2128.457764 2128.454590 1675.673096 1675.752808 
2127.374756 2127.392090 1674.932007 1674.878296 
2126.287109 2126.325928 1674.047363 1673.974487 
2124.936279 2125.002197 1673.132935 1673.267456 
2123.843506 2123.887451 1672.417725 1672.446045 
2122.755127 2122.559326 1671.529663 1671.538086 
2121.449707 2121.486816 1670.640259 1670.656250 
2120.358154 2120.169678 1669.777832 1669.773560 
2119.002441 2119.122070 1669.029297 1668.888550 
2117.864746 2117.789795 1668.134644 1668.144775 
2116.769287 2116.795898 1667.238037 1667.228638 
2115.409912 2115.518311 1666.339600 1666.338989 
2114.315430 2114.239258 1665.410767 1665.446899 
2112.908203 2112.930908 1664.683594 1664.726685 
2111.806641 2111.689453 1663.779907 1663.832031 
2110.661377 2110.636719 1662.844360 1662.934692 
2109.246094 2109.327393 1662.112427 1662.008667 
2108.139893 2107.966309 1661.203247 1661.109619 
2106.722656 2106.896240 1660.291626 1660.240356 
2105.658936 2105.563477 1659.379639 1659.312256 
2104.284912 2104.188232 1658.467163 1658.616455 
2103.133057 2103.101807 1657.554810 1657.688843 
2101.757812 2101.708496 1656.818237 1656.789551 
2100.645752 2100.619629 1655.906250 1655.860474 
2099.268066 2099.265137 1654.993164 1654.960449 
2097.885742 2098.128662 1654.050171 1654.205444 
2096.769043 2096.722412 1653.313354 1653.159180 
2095.609375 2095.622314 1652.369995 1652.403564 
2094.229492 2094.254639 1651.455933 1651.531494 
2092.847412 2092.847900 1650.541138 1650.599854 
2091.732178 2091.469238 1649.626465 1649.696777 
2090.346680 2090.356445 1648.681885 1648.791748 
2088.959717 2089.021973 1647.794678 1647.856812 
2087.570557 2087.861816 1647.025513 1646.978638 
2086.449463 2086.478271 1646.106567 1646.039673 
2085.057373 2085.048096 1645.156860 1645.099854 
2083.933350 2083.702637 1644.265137 1644.188110 
2082.495117 2082.534424 1643.311768 1643.274902 
2081.100098 2081.184326 1642.387451 1642.359497 
2079.975098 2079.787598 1641.432007 1641.443359 
2078.573486 2078.659912 1640.534912 1640.703125 
2077.172363 2077.215332 1639.785767 1639.753784 
2075.725830 2075.814453 1638.856323 1638.832153 
2074.644531 2074.411621 1637.895020 1637.937988 
2073.201172 2073.233643 1636.961670 1636.981689 
2071.801025 2071.828125 1636.026245 1636.023315 
2070.444580 2070.425049 1635.088623 1635.122681 
2069.268066 2069.015381 1634.148438 1634.190308 
2067.821533 2067.875488 1633.175781 1633.225830 
2066.417480 2066.460693 1632.231445 1632.320190 
2065.055664 2065.046875 1631.285156 1631.351196 
2063.599121 2063.583496 1630.520630 1630.412476 
2062.413818 2062.392578 1629.602173 1629.442017 
2060.999756 2061.016357 1628.619507 1628.530762 
2059.587646 2059.592773 1627.667236 1627.557495 
2058.175293 2058.121826 1626.683105 1626.796021 
2056.714355 2056.695312 1625.758911 1625.637329 
2055.250000 2055.313721 1624.771606 1624.874268 
2054.104004 2054.115479 1623.783203 1623.927368 
2052.681396 2052.640625 1622.824463 1622.979980 
2051.303467 2051.211914 1622.050781 1622.032104 
2049.833496 2049.783203 1621.090942 1621.113770 
2048.408691 2048.354492 1620.130493 1620.132935 
2047.029053 2046.878296 1619.169678 1619.182251 
2045.557373 2045.724731 1618.238770 1618.201050 
2044.131836 2044.248291 1617.244751 1617.249756 
2042.706177 2042.817749 1616.281128 1616.267456 
2041.274536 2041.433960 1615.286743 1615.314941 
2039.796265 2039.956909 1614.322266 1614.392212 
2038.319580 2038.525391 1613.326538 1613.406738 
2036.890259 2037.139771 1612.360718 1612.450928 
2035.737427 2035.660400 1611.424927 1611.494019 
2034.305664 2034.227905 1610.425415 1610.536133 
2032.640991 2032.795898 1609.455566 1609.577637 
2031.161743 2031.361938 1608.484497 1608.618408 
2029.729126 2029.880859 1607.512207 1607.597046 
2028.296509 2028.401855 1606.538818 1606.668213 
2026.862183 2026.968628 1605.564819 1605.707764 
2025.426880 2025.534546 1604.747437 1604.747925 
2023.944214 2024.098877 1603.772827 1603.788086 
2022.504272 2022.431519 1602.797363 1602.642456 
2021.061035 2020.949707 1601.633667 1601.651489 
2019.568481 2019.513794 1600.658936 1600.660278 
2018.071411 2018.031372 1599.684204 1599.700073 
2016.570923 2016.596680 1598.866577 1598.740479 
2015.118408 2015.117432 1597.891479 1597.781250 
2013.659302 2013.732910 1596.916626 1596.822388 
2012.202148 2012.256470 1595.910522 1595.863892 
2010.746826 2010.596924 1594.936401 1594.873657 
2009.297729 2009.084351 1593.774292 1593.914917 
2007.855347 2007.639160 1592.801147 1592.924438 
2006.097046 2006.250854 1591.795898 1591.778076 
2004.622803 2004.609619 1590.822632 1590.816406 
2003.152954 2003.230103 1589.848633 1589.853882 
2001.733276 2001.841187 1588.810913 1588.888794 
2000.272461 2000.116211 1587.866699 1587.924316 
1998.623779 1998.694702 1586.921265 1586.959106 
1997.202393 1997.263428 1585.942261 1585.930664 
1995.776855 1995.780151 1584.932251 1584.963623 
1994.025879 1994.011963 1583.953003 1583.839478 
1992.599487 1992.521240 1582.941528 1582.839233 
1991.168213 1991.077881 1581.770874 1581.869263 
1989.366455 1989.356812 1580.789307 1580.898315 
1987.891357 1987.966431 1579.806763 1579.925781 
1986.473022 1986.529541 1578.823242 1578.733887 
1985.038574 1985.047607 1577.807007 1577.761841 
1983.367188 1983.293945 1576.820923 1576.755859 
1981.773438 1981.862183 1575.834839 1575.782715 
1980.185791 1980.385376 1574.848389 1574.777954 
1978.504639 1978.635498 1573.828735 1573.804443 
1977.054321 1977.155151 1572.650635 1572.640869 
1975.585327 1975.712036 1571.631592 1571.635620 
1974.147339 1973.887817 1570.644287 1570.619141 
1972.430664 1972.434814 1569.623535 1569.592529 
1970.998657 1971.029663 1568.604126 1568.625977 
1969.288940 1969.208008 1567.615601 1567.579590 
1967.799316 1967.769531 1566.610840 1566.517700 
1966.083008 1966.343506 1565.567871 1565.473999 
1964.644531 1964.610962 1564.551025 1564.422607 
1963.204712 1962.938232 1563.482178 1563.561890 
1961.441528 1961.538330 1562.436523 1562.489014 
1959.770142 1959.835815 1561.374268 1561.414307 
1958.279907 1958.438354 1560.268188 1560.335693 
1956.792114 1956.734375 1559.428955 1559.429810 
1955.083862 1955.065918 1558.341553 1558.344971 
1953.609741 1953.516846 1557.216064 1557.263794 
1951.877319 1951.939087 1556.088745 1556.145996 
1950.480957 1950.464600 1555.205933 1555.273315 
1948.773438 1948.869507 1554.108398 1554.158813 
1947.042114 1947.031250 1553.012085 1553.079590 
1945.577393 1945.621948 1551.916138 1552.003296 
1943.878540 1943.998535 1550.996338 1551.098999 
1942.414673 1942.284912 1549.903442 1550.023926 
1940.726074 1940.837036 1548.776001 1548.946777 
1938.992188 1939.124268 1547.930054 1547.835449 
1937.605347 1937.388672 1546.767334 1546.761841 
1935.950684 1935.754150 1545.676636 1545.689209 
1934.340210 1934.337646 1544.795288 1544.583984 
1932.637939 1932.438110 1543.703369 1543.550537 
1930.945557 1931.037231 1542.615356 1542.689331 
1929.317383 1929.329834 1541.527832 1541.588501 
1927.725708 1927.662964 1540.442139 1540.522827 
1926.041382 1926.033936 1539.323364 1539.425415 
1924.378052 1924.586792 1538.240845 1538.367554 
1922.798706 1922.915894 1537.334351 1537.311646 
1921.105347 1921.187134 1536.254150 1536.258423 
1919.428589 1919.556396 1535.177979 1535.203247 
1917.805420 1917.782104 1534.070679 1534.151001 
1916.190430 1916.379150 1533.000366 1533.061768 
1914.531372 1914.724121 1531.965820 1531.973755 
1912.874634 1913.054199 1530.896973 1530.918945 
1911.223999 1911.351685 1529.795532 1529.829468 
1909.607422 1909.698730 1528.725708 1528.774292 
1908.000244 1907.993286 1527.622559 1527.717285 
1906.398438 1906.340210 1526.519165 1526.592896 
1904.781860 1904.642334 1525.655762 1525.570801 
1902.842407 1902.947266 1524.586182 1524.482666 
1901.246826 1901.302368 1523.514771 1523.427856 
1899.613647 1899.617798 1522.375488 1522.337769 
1898.006714 1898.031616 1521.339966 1521.244873 
1896.370850 1896.393188 1520.237549 1520.182739 
1894.575317 1894.668457 1519.169189 1519.087402 
1893.007935 1893.047485 1518.065063 1517.989136 
1891.412354 1891.380981 1516.958130 1516.956299 
1889.542358 1889.710327 1515.882446 1515.890747 
1887.922363 1888.047852 1514.773315 1514.787231 
1886.300781 1886.164062 1513.661011 1513.751709 
1884.687134 1884.561401 1512.615112 1512.683716 
1882.898071 1882.951172 1511.536011 1511.577637 
1881.137329 1881.122314 1510.418701 1510.507935 
1879.589844 1879.440308 1509.369995 1509.439087 
1877.809204 1877.795288 1508.288818 1508.370483 
1876.039917 1876.153931 1507.168945 1507.265625 
1874.514038 1874.537231 1506.085815 1506.192383 
1872.799683 1872.791748 1505.003662 1504.878174 
1871.039307 1871.006470 1503.921875 1504.013428 
1869.365845 1869.441895 1502.803467 1502.734863 
1867.646484 1867.594604 1501.717041 1501.834961 
1865.904785 1865.838135 1500.633179 1500.729614 
1864.220093 1864.262207 1499.512207 1499.454468 
1862.507812 1862.517700 1498.428345 1498.384155 
1860.807007 1860.744507 1497.307861 1497.280396 
1859.205688 1859.035889 1496.189697 1496.208496 
1857.422729 1857.505859 1495.144653 1495.172119 
1855.782837 1855.771484 1494.062622 1494.066772 
1853.946411 1854.021729 1492.946167 1492.997437 
1852.359985 1852.293457 1491.826904 1491.892578 
1850.563110 1850.603271 1490.777710 1490.822266 
1848.891113 1848.828735 1489.694214 1489.509033 
1847.096802 1847.093018 1488.577026 1488.610962 
1845.423706 1845.393433 1487.493774 1487.365356 
1843.613525 1843.715454 1486.375610 1486.291260 
1841.989990 1842.007080 1485.289795 1485.219604 
1840.215942 1840.201172 1484.205444 1484.079102 
1838.460571 1838.454346 1483.119019 1483.044434 
1836.664062 1836.715698 1481.996094 1481.975586 
1835.097534 1835.119751 1480.908936 1480.908203 
1833.308472 1833.339966 1479.786255 1479.634888 
1831.569336 1831.602539 1478.702515 1478.534058 
1829.777832 1829.856934 1477.408203 1477.469849 
1828.055298 1828.128662 1476.325195 1476.373047 
1826.446899 1826.415894 1475.245239 1475.313477 
1824.688599 1824.539429 1474.164673 1474.254761 
1822.825439 1822.882690 1473.050781 1472.994751 
1821.098389 1821.185547 1471.972656 1471.974609 
1819.366455 1819.353638 1470.863647 1470.682495 
1817.647583 1817.677368 1469.583130 1469.595581 
1815.919800 1815.887451 1468.546265 1468.544312 
1814.201294 1814.088501 1467.444580 1467.421753 
1812.345337 1812.433105 1466.375610 1466.401245 
1810.639648 1810.609863 1465.308105 1465.143433 
1808.956909 1808.955078 1464.002075 1464.089355 
1807.249878 1807.154785 1462.935547 1463.070068 
1805.400513 1805.460693 1461.832764 1461.983276 
1803.712524 1803.654785 1460.764526 1460.725952 
1801.930176 1801.959839 1459.698486 1459.636475 
1800.082275 1800.155884 1458.424683 1458.616089 
1798.431641 1798.501587 1457.392822 1457.321655 
1796.632446 1796.673706 1456.291992 1456.263550 
1794.989380 1794.867310 1455.224121 1455.206909 
1793.166626 1793.099243 1453.951782 1453.942505 
1791.352539 1791.448853 1452.882812 1452.916626 
1789.578735 1789.619995 1451.780640 1451.822388 
1787.814819 1787.864380 1450.743652 1450.557739 
1786.150879 1786.095093 1449.431152 1449.539307 
1784.390991 1784.344971 1448.358887 1448.451172 
1782.607910 1782.644287 1447.321289 1447.171631 
1780.833374 1780.755615 1446.250488 1446.094727 
1779.060669 1779.011230 1444.970459 1444.979736 
1777.294189 1777.291138 1443.931274 1443.895752 
1775.542847 1775.615601 1442.822876 1442.774048 
1773.735474 1773.745239 1441.675171 1441.649170 
1772.004150 1772.040405 1440.591919 1440.556763 
1770.290894 1770.233032 1439.294189 1439.249756 
1768.386963 1768.529175 1438.167603 1438.116089 
1766.682373 1766.652222 1437.037231 1437.016602 
1764.976074 1765.010132 1435.938965 1435.880127 
1763.235352 1763.198730 1434.837524 1434.778442 
1761.374878 1761.356079 1433.733154 1433.676392 
1759.661499 1759.680298 1432.589844 1432.575562 
1757.820801 1757.865967 1431.480469 1431.509766 
1756.115845 1756.027344 1430.333984 1430.371338 
1754.305908 1754.365967 1429.222290 1429.268555 
1752.596191 1752.555786 1428.110596 1427.919189 
1750.769165 1750.782715 1426.820923 1426.855835 
1748.969238 1748.994751 1425.888306 1425.758423 
1747.155029 1747.195312 1424.595947 1424.626099 
1745.357910 1745.427368 1423.448242 1423.528687 
1743.712280 1743.660645 1422.302979 1422.396118 
1741.902466 1741.892334 1421.195801 1421.334351 
1740.141602 1740.175781 1420.125732 1420.201538 
1738.370850 1738.274048 1418.984741 1418.892212 
1736.559692 1736.536011 1417.843506 1417.830444 
1734.828003 1734.812378 1416.738525 1416.732422 
1732.935303 1732.955322 1415.419312 1415.634155 
1731.192261 1731.244019 1414.314575 1414.465576 
1729.403687 1729.375732 1413.209839 1413.365601 
1727.624756 1727.714355 1412.104980 1412.054443 
1725.853027 1725.865234 1411.034424 1410.991333 
1724.170288 1724.171265 1409.893066 1409.894043 
1722.241699 1722.392090 1408.787476 1408.762207 
1720.528931 1720.540039 1407.643677 1407.666260 
1718.666382 1718.688599 1406.537476 1406.394775 
1716.996216 1717.000366 1405.217407 1405.300781 
1715.195435 1715.147705 1404.147705 1404.208496 
1713.456177 1713.333984 1403.008301 1403.081787 
1711.563354 1711.582642 1401.904297 1401.955688 
1709.922485 1709.788086 1400.837524 1400.655884 
1707.996704 1708.106079 1399.522827 1399.567261 
1706.361694 1706.269409 1398.387451 1398.443604 
1704.437744 1704.526855 1397.323730 1397.389648 
1702.728760 1702.630981 1396.154541 1396.264648 
1700.800171 1701.013672 1395.057983 1395.136230 
1699.095947 1699.110718 1393.961792 1393.821167 
1697.458984 1697.421997 1392.830322 1392.708374 
1695.463623 1695.519043 1391.521606 1391.578247 
1693.886963 1693.838501 1390.423706 1390.412598 
1692.017700 1691.930176 1389.287842 1389.317505 
1690.328247 1690.276855 1388.176880 1388.144409 
1688.471191 1688.475098 1387.056885 1387.004272 
1686.565552 1686.612427 1385.919434 1385.829956 
1684.979004 1684.772949 1384.746338 1384.657349 
1683.096802 1683.189697 1383.643921 1383.560547 
1681.304932 1681.409180 1382.462891 1382.397583 
1679.423950 1679.598999 1381.314697 1381.274902 
1677.846191 1677.824219 1380.131714 1380.118042 
1675.923828 1676.086914 1378.950195 1378.961914 
1674.069824 1674.051636 1377.844604 1377.845459 
1672.270264 1672.489624 1376.671997 1376.695435 
1670.726318 1670.691650 1375.539673 1375.617065 
1668.870728 1668.930054 1374.372192 1374.475830 
1667.074219 1667.209717 1373.205200 1373.372070 
1665.341064 1665.243286 1372.078003 1372.236816 
1663.577271 1663.433838 1370.916992 1370.929443 
1661.764893 1661.668701 1369.828369 1369.838013 
1660.003296 1659.919678 1368.676025 1368.746460 
1658.302002 1658.210938 1367.561768 1367.656372 
1656.326416 1656.419067 1366.415771 1366.327881 
1654.634521 1654.745239 1365.309814 1365.211548 
1652.914429 1652.793945 1364.206665 1364.131226 
1651.185303 1651.081543 1362.891479 1363.051880 
1649.288818 1649.422119 1361.790771 1361.942627 
1647.593140 1647.455078 1360.696167 1360.627563 
1645.710205 1645.818359 1359.567383 1359.587158 
1643.990845 1643.959961 1358.476685 1358.480225 
1642.308838 1642.296875 1357.350586 1357.199463 
1640.457275 1640.410522 1356.228638 1356.093750 
1638.765747 1638.766113 1354.898560 1355.058716 
1636.924927 1636.903442 1353.847412 1353.715576 
1635.028564 1635.277832 1352.728394 1352.647461 
1633.472412 1633.427246 1351.608276 1351.587524 
1631.624146 1631.600220 1350.316040 1350.316040 
1629.755249 1629.811523 1349.270752 1349.217773 
1627.965210 1627.988525 1348.155640 1348.189697 
1626.355713 1626.400635 1347.078613 1346.886963 
1624.515991 1624.643188 1345.764160 1345.826294 
1622.752563 1622.803467 1344.689575 1344.556641 
1620.951416 1620.987793 1343.617554 1343.462280 
1619.346191 1619.245117 1342.338013 1342.402100 
1617.587646 1617.473633 1341.231567 1341.307129 
1615.779053 1615.691040 1340.195557 1340.004517 
1614.007935 1613.944824 1338.883179 1338.944214 
1612.250244 1612.184204 1337.777344 1337.850342 
1610.470703 1610.483887 1336.710693 1336.789673 
1608.726807 1608.729370 1335.641113 1335.590210 
1606.920776 1606.985596 1334.328125 1334.496826 
1605.233765 1605.281738 1333.223999 1333.232422 
1603.509155 1603.355957 1332.154053 1332.171631 
1601.561523 1601.709839 1331.052490 1331.074707 
1599.873169 1599.778687 1329.810059 1329.811768 
1598.146484 1598.150391 1328.742188 1328.720215 
1596.444824 1596.484619 1327.468994 1327.493652 
1594.776611 1594.598145 1326.433472 1326.440552 
1592.898071 1592.960083 1325.296509 1325.356445 
1591.255615 1591.065552 1324.057129 1324.102783 
1589.431763 1589.466919 1322.957153 1323.054443 
1587.642456 1587.617676 1321.891357 1321.773438 
1585.841797 1586.048706 1320.624512 1320.726807 
1584.247559 1584.245117 1319.567383 1319.679199 
1582.432251 1582.470215 1318.474731 1318.400146 
1580.664795 1580.705811 1317.214478 1317.326904 
1578.937622 1578.950195 1316.159790 1316.256104 
1577.326538 1577.209839 1315.106567 1315.017822 
1575.569458 1575.438477 1313.813721 1313.984497 
1573.826294 1573.758301 1312.760254 1312.722656 
1572.126831 1572.049927 1311.675659 1311.694336 
1570.201050 1570.257935 1310.391602 1310.436279 
1568.475586 1568.588013 1309.345581 1309.412842 
1566.765015 1566.768433 1308.265381 1308.194336 
1565.086914 1565.135742 1306.988037 1307.145264 
1563.384399 1563.443848 1305.951050 1305.933350 
1561.735840 1561.624390 1304.713379 1304.723145 
1559.896851 1560.023193 1303.679199 1303.682983 
1558.283936 1558.221313 1302.412720 1302.513184 
1556.462158 1556.402344 1301.416382 1301.473022 
1554.671631 1554.753662 1300.358887 1300.239380 
1553.101440 1553.009155 1299.136353 1299.046997 
1551.367188 1551.226562 1297.883789 1298.013184 
1549.552124 1549.686279 1296.867920 1296.788086 
1547.832764 1547.941528 1295.651978 1295.821289 
1545.992065 1546.065308 1294.634521 1294.596191 
1544.296753 1544.288818 1293.391724 1293.570068 
1542.659912 1542.603760 1292.381348 1292.420410 
1541.048096 1540.973389 1291.142334 1291.236084 
1539.154419 1539.420532 1290.131714 1290.052856 
1537.586182 1537.463745 1288.893677 1289.029419 
1535.755493 1535.881592 1287.885498 1287.849609 
1534.211670 1534.038330 1286.687378 1286.642700 
1532.380127 1532.506470 1285.656982 1285.660034 
1530.863159 1530.681763 1284.492676 1284.428833 
1528.999512 1529.173218 1283.299805 1283.289429 
1527.495239 1527.326782 1282.302246 1282.245483 
1525.634399 1525.826904 1281.080566 1281.075562 
1523.816406 1524.016602 1279.865601 1279.910034 
1522.347900 1522.213135 1278.845703 1278.902100 
1520.576782 1520.738525 1277.635620 1277.740967 
1518.821411 1518.985107 1276.679443 1276.579468 
1517.116699 1517.238892 1275.435547 1275.419189 
1515.685669 1515.528320 1274.227173 1274.292236 
1513.743652 1513.777466 1273.275146 1273.290649 
1512.325562 1512.114868 1272.070923 1272.135376 
1510.629517 1510.456543 1270.899902 1270.953857 
1508.936279 1508.783691 1269.920776 1269.803467 
1507.262573 1507.107666 1268.752441 1268.841675 
1505.373657 1505.455566 1267.617798 1267.636841 
1503.730347 1503.845825 1266.420654 1266.499512 
1502.109375 1502.259888 1265.446411 1265.330811 
1500.514160 1500.610229 1264.256958 1264.166138 
1498.728516 1498.779053 1263.098999 1263.218628 
1497.130493 1497.263916 1262.131226 1262.086914 
1495.399658 1495.450195 1260.918945 1260.928467 
1493.831543 1493.964722 1259.774414 1259.802612 
1492.091797 1492.159302 1258.598511 1258.680420 
1490.630859 1490.431152 1257.673218 1257.559204 
1488.859131 1488.979980 1256.472778 1256.475464 
1487.233276 1487.220337 1255.333374 1255.300903 
1485.511353 1485.608154 1254.166504 1254.193726 
1484.014282 1483.902100 1253.247314 1253.235107 
1482.300903 1482.176025 1252.113037 1252.133301 
1480.687378 1480.695923 1250.983643 1251.003784 
1479.028320 1479.076416 1249.858521 1249.759521 
1477.350586 1477.433228 1248.673462 1248.813110 
1475.753418 1475.750122 1247.554199 1247.515137 
1474.127441 1474.151855 1246.588379 1246.603271 
1472.463989 1472.519653 1245.475464 1245.461670 
1470.901611 1470.848999 1244.363525 1244.380127 
1469.319458 1469.279175 1243.287720 1243.296387 
1467.546143 1467.695068 1242.124634 1242.156738 
1465.955078 1465.920410 1241.021729 1241.078003 
1464.397827 1464.329590 1239.893066 1239.826904 
1462.542847 1462.773438 1238.768066 1238.726685 
1460.915649 1460.916870 1237.647339 1237.799683 
1459.438110 1459.630859 1236.553955 1236.559814 
1457.875122 1457.806885 1235.431519 1235.462402 
1456.396851 1456.239502 1234.312866 1234.397827 
1454.667358 1454.750732 1233.223145 1233.307861 
1453.005737 1452.971558 1232.316772 1232.247437 
1451.589233 1451.551880 1231.206177 1231.165894 
1449.849121 1449.778687 1230.126221 1229.940674 
1448.161255 1448.336304 1229.021606 1228.885376 
1446.759155 1446.704712 1227.946655 1227.834106 
1445.086182 1445.009644 1226.846680 1226.781128 
1443.515259 1443.603516 1225.751099 1225.702881 
1442.001099 1442.006470 1224.515259 1224.652222 
1440.406006 1440.401489 1223.426147 1223.437012 
1438.819092 1438.837891 1222.362549 1222.392456 
1437.252441 1437.249023 1221.332642 1221.355103 
1435.695923 1435.627686 1220.274414 1220.202393 
1434.120483 1434.090210 1219.156494 1219.247681 
1432.473999 1432.464478 1218.128906 1218.075928 
1430.905640 1430.950439 1216.902344 1217.069702 
1429.326660 1429.389404 1215.823242 1215.895020 
1427.761841 1427.825684 1214.777100 1214.870117 
1426.264038 1426.240234 1213.747314 1213.704590 
1424.704346 1424.697144 1212.615601 1212.698853 
1423.103027 1423.111328 1211.624634 1211.660400 
1421.559326 1421.546143 1210.460449 1210.484375 
1420.019409 1420.042114 1209.444946 1209.450439 
1418.508423 1418.505615 1208.422485 1208.342285 
1416.912109 1416.917480 1207.225342 1207.250244 
1415.384766 1415.420532 1206.216431 1206.163086 
1413.851929 1413.901245 1205.202393 1205.191895 
1412.331665 1412.303833 1204.020142 1204.110840 
1410.801147 1410.820190 1202.975342 1202.941406 
1409.269897 1409.266235 1201.961792 1201.999023 
1407.723755 1407.790405 1200.851318 1200.870850 
1406.153809 1406.244751 1199.894287 1199.870972 
1404.630249 1404.721069 1198.794067 1198.711304 
1403.242920 1403.119751 1197.682373 1197.711670 
1401.729126 1401.605469 1196.563599 1196.554199 
1400.063477 1400.105835 1195.566162 1195.563843 
1398.534668 1398.635376 1194.457153 1194.594238 
1397.206543 1397.140015 1193.451904 1193.440674 
1395.554810 1395.675537 1192.312622 1192.421631 
1394.060059 1394.058228 1191.301514 1191.353149 
1392.585815 1392.601562 1190.292969 1190.296753 
1391.197876 1391.180176 1189.285767 1189.175171 
1389.585449 1389.672729 1188.128418 1188.232178 
1388.154785 1388.146118 1187.150024 1187.105225 
1386.701172 1386.628052 1186.144897 1186.133667 
1385.165894 1385.246948 1184.948120 1185.045898 
1383.662109 1383.758057 1184.041748 1183.872314 
1382.282959 1382.309082 1182.978760 1182.943970 
1380.766479 1380.803223 1181.851196 1181.840088 
1379.272095 1379.369263 1180.904541 1180.739746 
1377.800903 1377.767334 1179.773804 1179.818726 
1376.344482 1376.341797 1178.799805 1178.720215 
1374.874878 1374.898560 1177.709473 1177.771118 
1373.452148 1373.515625 1176.533569 1176.705566 
1372.060303 1371.994873 1175.602905 1175.583618 
1370.514893 1370.568848 1174.496582 1174.493652 
1369.155762 1369.189941 1173.572388 1173.611450 
1367.677246 1367.721069 1172.470703 1172.466309 
1366.206665 1366.216431 1171.548218 1171.527954 
1364.837769 1364.786499 1170.418701 1170.416870 
1363.375122 1363.308228 1169.351196 1169.336670 
1361.968506 1362.008057 1168.404419 1168.406006 
1360.512939 1360.472046 1167.312256 1167.333008 
1359.031128 1359.131836 1166.251709 1166.234619 
1357.607056 1357.615356 1165.310669 1165.341309 
1356.181641 1356.256470 1164.165527 1164.277222 
1354.860352 1354.825806 1163.228394 1163.188721 
1353.413208 1353.380127 1162.147095 1162.103638 
1351.985962 1351.963379 1161.214478 1161.220825 
1350.655518 1350.628662 1160.169067 1160.141479 
1349.290649 1349.269897 1159.040405 1159.092041 
1347.832153 1347.857788 1158.146118 1158.186279 
1346.452881 1346.410278 1157.080688 1157.131836 
1345.068848 1345.089478 1156.162720 1156.062012 
1343.691284 1343.689941 1155.104004 1155.137817 
1342.281982 1342.302124 1154.019653 1153.941650 
1340.924683 1340.917603 1152.966431 1152.967529 
1339.562500 1339.547119 1152.085449 1152.001953 
1338.177490 1338.153198 1150.977295 1151.043579 
1336.847290 1336.791748 1150.093872 1150.090698 
1335.437500 1335.473877 1149.027344 1148.959473 
1334.115479 1334.067505 1147.902832 1147.986206 
1332.695190 1332.742065 1146.958984 1147.049194 
1331.352417 1331.407471 1145.986328 1145.939087 
1330.066284 1330.050049 1145.016235 1145.015259 
1328.616455 1328.665405 1144.054077 1143.890991 
1327.342285 1327.336548 1143.067627 1142.979248 
1325.912720 1325.926880 1141.962646 1142.041260 
1324.633423 1324.616699 1140.957275 1140.931274 
1323.308105 1323.350708 1140.046631 1140.028076 
1321.958984 1322.029663 1139.082397 1139.099609 
1320.632446 1320.736328 1138.004761 1138.031738 
1319.319946 1319.354980 1137.053467 1136.937744 
1318.026978 1318.104370 1136.136719 1136.046997 
1316.759033 1316.678223 1134.989014 1134.958496 
1315.467163 1315.427002 1134.080688 1134.045898 
1314.069824 1314.173828 1133.175293 1133.134155 
1312.813354 1312.789185 1132.067993 1132.082886 
1311.564941 1311.481079 1131.140015 1131.206787 
1310.176392 1310.287842 1130.072754 1130.162720 
1308.914062 1308.960205 1129.180542 1129.261475 
1307.579834 1307.563232 1128.262451 1128.246460 
1306.402344 1306.371826 1127.176636 1127.205078 
1304.986206 1305.148315 1126.294189 1126.335205 
1303.733154 1303.829590 1125.214355 1125.295898 
1302.595337 1302.500244 1124.336060 1124.232300 
1301.291870 1301.344727 1123.264282 1123.366943 
1300.096924 1300.100220 1122.420654 1122.277344 
1298.682251 1298.647339 1121.351807 1121.384766 
1297.441650 1297.414429 1120.507690 1120.354492 
1296.246826 1296.231323 1119.496948 1119.492065 
1295.037964 1295.037231 1118.600952 1118.465820 
1293.847412 1293.675415 1117.537720 1117.606934 
1292.492798 1292.577515 1116.672729 1116.557373 
1291.216309 1291.252808 1115.613770 1115.702637 
1290.045898 1289.951416 1114.750244 1114.686279 
1288.742554 1288.874023 1113.693726 1113.809570 
1287.694946 1287.641113 1112.861572 1112.799194 
1286.461060 1286.396484 1111.753418 1111.763794 
1285.190796 1285.203979 1110.951294 1110.920044 
1283.987549 1283.945679 1109.874878 1109.888672 
1282.843994 1282.785278 1108.995239 1109.047119 
1281.629150 1281.629761 1108.008301 1108.033325 
1280.428467 1280.410645 1107.133057 1107.185791 
1279.231812 1279.227051 1106.124146 1106.149536 
1278.036499 1278.043091 1105.280884 1105.308472 
1276.813721 1276.829590 1104.249634 1104.307983 
1275.629028 1275.644531 1103.409180 1103.308472 
1274.528931 1274.448486 1102.407837 1102.432251 
1273.303101 1273.324341 1101.539917 1101.418091 
1272.070557 1272.092041 1100.501465 1100.545288 
1270.951904 1270.986694 1099.683594 1099.543701 
1269.855103 1269.857056 1098.649902 1098.709106 
1268.597290 1268.649048 1097.810913 1097.851685 
1267.525269 1267.542358 1096.813232 1096.839722 
1266.309204 1266.335938 1095.977173 1096.018799 
1265.218140 1265.223877 1094.938110 1095.042236 
1264.110474 1264.103516 1094.091553 1094.070557 
1263.005127 1262.928833 1093.221069 1093.232178 
1261.831909 1261.780151 1092.222168 1092.265991 
1260.667969 1260.625977 1091.389771 1091.276245 
1259.567383 1259.537842 1090.347900 1090.471436 
1258.457031 1258.491699 1089.524780 1089.489502 
1257.389648 1257.273926 1088.705688 1088.657349 
1256.169312 1256.164795 1087.731079 1087.667969 
1255.157959 1254.996582 1086.891724 1086.825195 
1254.009888 1254.082764 1085.924194 1085.980713 
1252.886353 1252.942017 1084.959595 1084.952026 
1251.781616 1251.821533 1084.153076 1084.089233 
1250.664429 1250.721436 1083.168701 1083.283325 
1249.739380 1249.669922 1082.343628 1082.268555 
1248.519531 1248.634155 1081.359985 1081.445923 
1247.459473 1247.586670 1080.564087 1080.599243 
1246.443726 1246.400513 1079.700439 1079.646606 
1245.390137 1245.393311 1078.697754 1078.801758 
1244.383301 1244.248535 1077.836670 1077.828857 
1243.266113 1243.302856 1077.006348 1077.015869 
1242.145508 1242.199463 1076.178345 1076.179321 
1241.195190 1241.261353 1075.195801 1075.215454 
1240.139404 1240.188843 1074.351562 1074.410156 
1239.091431 1239.137207 1073.509888 1073.398926 
1238.153076 1238.030151 1072.564087 1072.623047 
1237.035034 1237.098633 1071.724854 1071.668579 
1235.930420 1235.998047 1070.758057 1070.845459 
1235.001831 1235.060303 1069.951050 1070.024902 
1233.921265 1234.020264 1069.120361 1069.053833 
1233.030273 1232.997559 1068.163574 1068.290039 
1232.007568 1232.030396 1067.364258 1067.402344 
1231.059937 1231.000000 1066.540649 1066.417114 
1230.012695 1230.049561 1065.590942 1065.662476 
1229.053833 1229.065063 1064.822998 1064.859741 
1228.080078 1228.077881 1063.980469 1063.909790 
1227.096191 1227.096558 1063.039062 1063.137573 
1226.101440 1226.113525 1062.227783 1062.194336 
1225.145020 1225.155518 1061.444702 1061.402954 
1224.171143 1224.195923 1060.513672 1060.490234 
1223.204712 1223.187134 1059.611572 1059.703979 
1222.271484 1222.257202 1058.837891 1058.797852 
1221.290283 1221.281372 1058.066406 1058.042236 
1220.324341 1220.318848 1057.123657 1057.120850 
1219.424072 1219.315674 1056.307617 1056.373169 
1218.386353 1218.481812 1055.395752 1055.450928 
1217.507812 1217.563110 1054.634155 1054.690796 
1216.544434 1216.492554 1053.874146 1053.778076 
1215.638550 1215.633301 1052.945435 1053.015137 
1214.761841 1214.772461 1052.190308 1052.107910 
1213.854492 1213.822388 1051.292847 1051.329346 
1212.882080 1212.932007 1050.520508 1050.434326 
1212.044434 1211.991699 1049.608521 1049.665161 
1211.138672 1211.135986 1048.865723 1048.898804 
1210.275024 1210.269043 1047.970337 1048.040161 
1209.273438 1209.323608 1047.212036 1047.136108 
1208.496094 1208.491821 1046.429932 1046.401733 
1207.593872 1207.602417 1045.528809 1045.644531 
1206.739380 1206.713013 1044.776123 1044.772461 
1205.808594 1205.814331 1044.031372 1043.905762 
1204.984619 1204.957642 1043.121460 1043.183105 
1204.125977 1204.104858 1042.383667 1042.417358 
1203.238159 1203.235962 1041.480957 1041.584106 
1202.415894 1202.411621 1040.748413 1040.708008 
1201.532593 1201.586792 1039.853271 1039.882935 
1200.732910 1200.737427 1039.148926 1039.151489 
1199.901245 1199.895752 1038.399414 1038.305908 
1199.004028 1198.964355 1037.535156 1037.621338 
1198.264038 1198.230591 1036.816895 1036.780273 
1197.382324 1197.424927 1035.941650 1035.895996 
1196.578247 1196.594360 1035.230225 1035.171143 
1195.771973 1195.780640 1034.384155 1034.335205 
1194.998047 1194.921997 1033.656128 1033.638794 
1194.122803 1194.192871 1032.840698 1032.784912 
1193.390869 1193.389282 1031.982666 1032.091431 
1192.563843 1192.523438 1031.282959 1031.241577 
1191.762817 1191.778931 1030.562744 1030.551270 
1191.042358 1191.002808 1029.754761 1029.706177 
1190.254761 1190.273071 1029.038208 1028.997070 
1189.476685 1189.442505 1028.189453 1028.157837 
1188.656250 1188.723633 1027.497559 1027.475586 
1187.934448 1187.934814 1026.676880 1026.644409 
1187.160522 1187.142822 1025.968018 1025.966919 
1186.454102 1186.463257 1025.151611 1025.140991 
1185.709595 1185.714844 1024.445801 1024.340210 
1184.923706 1184.923218 1023.611511 1023.650024 
1184.210938 1184.236450 1022.932190 1022.835815 
1183.452271 1183.458374 1022.102905 1022.173950 
1182.771606 1182.748047 1021.406311 1021.363159 
1182.043335 1182.060059 1020.604919 1020.702271 
1181.282593 1181.339111 1019.915710 1019.892395 
1180.631958 1180.571655 1019.120300 1019.207825 
1179.926147 1179.929932 1018.435425 1018.389709 
1179.167603 1179.159180 1017.647095 1017.716370 
1178.515381 1178.490967 1016.967590 1016.898499 
1177.814453 1177.801392 1016.165649 1016.182556 
1177.113037 1177.102051 1015.513611 1015.485291 
1176.463745 1176.484985 1014.714661 1014.788208 
1175.773682 1175.750854 1014.063110 1014.069519 
1175.125366 1175.112183 1013.264648 1013.243835 
1174.461182 1174.467163 1012.589539 1012.536011 
1173.787109 1173.749268 1011.931458 1011.898743 
1173.123901 1173.165649 1011.119141 1011.070923 
1172.521851 1172.460571 1010.445801 1010.401672 
1171.809204 1171.854980 1009.740845 1009.715149 
1171.189209 1171.184814 1009.055603 1009.075134 
1170.559082 1170.616089 1008.347046 1008.247131 
1169.958984 1169.960815 1007.529419 1007.592529 
1169.357910 1169.328491 1006.848328 1006.814636 
1168.688599 1168.742432 1006.172668 1006.145447 
1168.061035 1168.111206 1005.501953 1005.500183 
1167.452881 1167.502563 1004.857422 1004.857849 
1166.894531 1166.854614 1004.027161 1004.075012 
1166.324951 1166.320068 1003.372070 1003.460266 
1165.675049 1165.692261 1002.699646 1002.705872 
1165.158936 1165.159424 1002.071899 1002.055786 
1164.500366 1164.539917 1001.405762 1001.308655 
1163.988892 1163.969482 1000.639099 1000.665100 
1163.371338 1163.410400 1000.000183 999.923096 
1162.788330 1162.819092 999.221375 999.323059 
1162.235962 1162.287720 998.609863 998.585266 
1161.717407 1161.706787 997.981689 997.969055 
1161.161621 1161.200439 997.336853 997.334900 
1160.634277 1160.632446 996.595520 996.604004 
1160.117432 1160.117676 995.997437 995.993652 
1159.547729 1159.548706 995.223877 995.247925 
1159.033691 1159.062012 994.612305 994.642029 
1158.538696 1158.544922 994.002747 993.921265 
1157.953003 1158.015259 993.277466 993.300049 
1157.483154 1157.520142 992.671631 992.700134 
1156.973267 1156.983887 991.950989 991.966797 
1156.496826 1156.510864 991.349243 991.371216 
1155.958984 1155.982056 990.749390 990.663147 
1155.503540 1155.469482 990.016846 990.072205 
1155.018066 1155.010986 989.421204 989.370422 
1154.520874 1154.575439 988.713440 988.804260 
1154.094727 1154.075439 988.103577 988.090576 
1153.631836 1153.626953 987.533813 987.492737 
1153.138794 1153.169678 986.909119 986.804810 
1152.676514 1152.664551 986.210815 986.230530 
1152.216675 1152.226440 985.628540 985.520935 
1151.813354 1151.786987 984.936218 984.922363 
1151.360840 1151.325684 984.358459 984.343018 
1150.937866 1150.911743 983.672607 983.745178 
1150.495972 1150.465942 983.100830 983.101440 
1150.090576 1150.043091 982.531860 982.515259 
1149.625122 1149.635986 981.838013 981.823853 
1149.232910 1149.242065 981.256653 981.245850 
1148.849976 1148.823120 980.605957 980.582153 
1148.410889 1148.418213 980.044800 980.047241 
1148.047852 1148.018799 979.462280 979.374939 
1147.645264 1147.647949 978.879761 978.847107 
1147.239746 1147.233765 978.205383 978.270935 
1146.867676 1146.889038 977.625732 977.627991 
1146.511963 1146.517212 977.088806 977.076843 
1146.120728 1146.131592 976.411011 976.426941 
1145.745972 1145.745361 975.844788 975.900452 
1145.400635 1145.417358 975.317261 975.258484 
1145.067871 1145.053833 974.653748 974.720764 
1144.704346 1144.710571 974.133240 974.085144 
1144.352173 1144.360229 973.478821 973.569031 
1144.005737 1144.009277 972.948730 972.938782 
1143.710693 1143.716553 972.405212 972.328186 
1143.362183 1143.370850 971.780273 971.819153 
1143.074097 1143.063110 971.244690 971.198486 
1142.750488 1142.721802 970.712280 970.695068 
1142.444092 1142.442993 970.100891 970.097595 
1142.127441 1142.128174 969.575073 969.503540 
1141.829590 1141.836914 968.953796 968.929077 
1141.548340 1141.538086 968.433044 968.404724 
1141.260010 1141.244019 967.833740 967.821655 
