0.000000 0.000000 0.000000 0.000000 
0.000000 0.000000 0.000000 0.000000 
0.000000 0.000000 0.000000 0.000000 
0.000000 0.000000 0.000000 0.000000 
0.000000 0.000000 0.000000 0.000000 
0.000000 0.000000 0.000000 0.000000 
0.000000 0.000000 0.000000 0.000000 
0.000000 0.000000 0.000000 0.000000 
0.000000 0.000000 0.000000 0.000000 
0.000000 0.000000 0.000000 0.000000 
0.000000 0.000000 0.000000 0.000000 
0.000000 0.000000 0.000000 0.000000 
0.000000 0.000000 0.000000 0.000000 
0.000000 0.000000 0.000000 0.000000 
0.000000 0.000000 0.000000 0.000000 
0.000000 0.000000 0.000000 0.000000 
0.000000 0.000000 0.000000 0.000000 
0.000000 0.000000 0.000000 0.000000 
0.000000 0.000000 0.000000 0.000000 
0.000000 0.000000 0.000000 0.000000 
1697.138672 1697.139160 943.066711 943.066711 
1698.452515 1698.457031 943.138794 943.138794 
1700.177246 1700.213867 1210.454956 1210.455444 
1701.911499 1701.922607 1211.706665 1211.707153 
1703.619019 1703.742432 1213.000977 1213.001709 
1705.521973 1705.645630 1214.174316 1214.174805 
1707.036499 1707.022583 1215.286987 1215.287720 
1708.830688 1709.253662 1216.690674 1216.691284 
1710.622070 1710.518921 1217.980713 1217.981201 
1712.279419 1712.489258 1219.183105 1219.183472 
1714.081665 1714.108154 1220.413208 1220.413208 
1715.882568 1715.837769 1221.584839 1221.584473 
1717.639160 1717.611938 1222.826172 1222.808838 
1719.333862 1719.326782 1224.289185 1224.208252 
1721.090088 1721.183472 1225.377930 1225.294189 
1723.010742 1722.876465 1227.231689 1227.146484 
1724.714478 1724.707520 1228.199463 1228.113892 
1726.541870 1726.535522 1229.418701 1229.331299 
1728.360718 1728.263428 1230.685181 1230.583130 
1730.088745 1730.151855 1232.355469 1232.253174 
1731.872925 1731.842407 1232.987061 1232.884277 
1733.778809 1733.786865 1234.779297 1234.675415 
1735.430786 1735.476562 1235.532593 1235.427856 
1737.257324 1737.248901 1236.989990 1236.884399 
1739.175293 1739.072754 1238.488037 1238.381104 
1740.894653 1740.990479 1239.900635 1239.792480 
1742.684326 1742.799438 1241.129761 1241.020386 
1744.521362 1744.701660 1242.378174 1242.267578 
1746.549927 1746.414551 1243.921021 1243.808350 
1748.257202 1748.231079 1244.923584 1244.809692 
1750.043701 1750.174683 1246.235474 1246.119507 
1751.902344 1751.962891 1247.390381 1247.272461 
1753.907715 1753.798706 1248.704590 1248.584106 
1755.657349 1755.753296 1250.078003 1249.954590 
1757.749756 1757.740601 1251.222778 1251.296875 
1759.614502 1759.444946 1252.554077 1252.608521 
1761.479126 1761.274780 1253.932373 1253.932739 
1763.014648 1763.242188 1255.234253 1255.169067 
1765.037354 1764.962524 1256.598267 1256.529175 
1767.130737 1767.029175 1257.901367 1257.897827 
1768.730225 1768.874512 1259.213013 1259.173462 
1770.851318 1770.719360 1260.546631 1260.567749 
1772.675903 1772.694824 1261.883789 1261.852295 
1774.474609 1774.328613 1263.323608 1263.270874 
1776.391113 1776.352783 1264.603271 1264.597900 
1778.283447 1778.349121 1266.058472 1266.069458 
1780.120361 1780.047241 1267.444946 1267.344360 
1782.036743 1782.275146 1268.711304 1268.779175 
1783.985107 1784.135864 1270.033569 1270.006592 
1786.118530 1785.969116 1271.411621 1271.539795 
1788.039062 1787.840454 1272.766479 1272.782349 
1790.095581 1789.750122 1274.177368 1274.173096 
1791.780273 1791.758545 1275.519653 1275.604492 
1793.687256 1793.608521 1277.024170 1276.924805 
1795.668701 1795.665527 1278.347168 1278.266235 
1797.786621 1797.689697 1279.671509 1279.687256 
1799.900146 1799.655029 1281.122559 1281.171753 
1801.555786 1801.272583 1282.418579 1282.433838 
1803.273193 1803.788208 1283.911743 1283.929077 
1805.992676 1805.677490 1285.242310 1285.328369 
1807.661377 1807.095215 1286.661499 1286.593018 
1809.357910 1809.291992 1288.134155 1288.089844 
1811.241699 1811.640991 1289.417969 1289.359253 
1813.210205 1813.349121 1290.748657 1290.983521 
1815.257080 1815.119019 1292.395386 1292.397705 
1817.165771 1816.927979 1293.827026 1293.811279 
1819.414795 1819.479370 1294.975464 1295.036255 
1821.366089 1821.367188 1296.455933 1296.507690 
1823.322266 1823.315063 1298.001587 1297.786133 
1825.439453 1825.195557 1299.254517 1299.431030 
1827.406006 1827.280151 1300.917236 1300.810669 
1829.392456 1829.378540 1302.325684 1302.228394 
1831.552612 1831.511108 1303.477173 1303.751221 
1833.560303 1833.485718 1304.949707 1305.250977 
1835.924316 1835.630615 1306.468994 1306.418701 
1836.952515 1837.618286 1308.079468 1307.992920 
1839.162598 1839.792358 1309.279785 1309.203247 
1841.228516 1841.805542 1310.844482 1310.857300 
1843.328003 1843.831055 1312.099854 1312.123901 
1845.621338 1846.038208 1313.787476 1313.837402 
1847.775757 1847.239746 1315.099609 1315.175903 
1849.029541 1849.310181 1316.451904 1316.456909 
1851.395752 1851.552124 1318.168579 1318.265503 
1853.598999 1853.845215 1319.555298 1319.668457 
1855.639160 1855.970215 1320.966675 1321.096191 
1857.937500 1858.136475 1322.479004 1322.548706 
1859.301025 1859.232178 1323.946777 1324.031128 
1861.650024 1861.603027 1325.444580 1325.543091 
1864.043213 1864.011841 1326.954102 1327.079102 
1866.658813 1866.061035 1328.418091 1328.147583 
1867.865356 1868.528564 1329.985474 1329.627686 
1870.493652 1869.511597 1331.510864 1331.200073 
1871.706665 1872.075562 1332.903076 1332.542725 
1874.161865 1874.464111 1334.049927 1334.367065 
1876.822021 1875.682739 1335.897583 1335.706665 
1878.262695 1878.327148 1337.240356 1336.962891 
1880.742432 1880.771973 1338.956787 1338.655640 
1881.997314 1882.209106 1340.068359 1340.318237 
1884.496094 1884.678467 1341.733887 1341.519653 
1887.215942 1887.167847 1342.948364 1343.376587 
1888.266235 1888.625732 1344.884399 1344.808228 
1891.016479 1891.340820 1346.340820 1346.154297 
1893.781738 1892.600464 1347.709351 1347.653320 
1895.062012 1895.134888 1349.239380 1349.240967 
1897.830444 1897.884399 1350.854614 1350.749146 
1899.118774 1899.162354 1352.383545 1352.317749 
1901.706787 1901.728882 1354.172852 1353.301880 
1903.000610 1903.022705 1355.026367 1355.167603 
1905.834717 1905.840942 1356.936401 1357.105347 
1907.145142 1907.147339 1357.979614 1358.014526 
1909.775146 1909.974121 1359.962524 1360.010376 
1912.420288 1912.607178 1360.887085 1360.944824 
1913.971802 1913.935181 1362.764282 1362.834473 
1916.631836 1916.590698 1364.839722 1363.959961 
1917.953003 1918.147217 1365.810669 1366.101318 
1920.415161 1920.824097 1366.982910 1367.124023 
1921.986084 1922.167236 1369.056274 1369.409790 
1924.898438 1924.867432 1370.294312 1370.473389 
1926.251831 1926.450806 1371.358643 1371.540039 
1929.172485 1929.167725 1373.675903 1374.049683 
1931.881226 1930.517944 1374.937866 1375.143188 
1933.012207 1933.033813 1376.032227 1376.232056 
1935.953979 1936.011108 1378.215332 1378.420166 
1937.318359 1937.616089 1379.311890 1379.693726 
1940.054077 1940.373291 1380.586426 1380.789185 
1941.424561 1941.973755 1382.782959 1382.991455 
1944.634033 1944.730103 1383.886719 1384.290771 
1946.017944 1945.878906 1385.187134 1385.215942 
1949.028320 1948.864258 1387.413574 1387.632812 
1950.426758 1950.250366 1388.531982 1388.753662 
1953.457642 1953.039673 1390.778687 1389.877930 
1954.864868 1954.439331 1392.095337 1392.522095 
1957.922485 1957.714966 1393.424927 1393.674072 
1959.100098 1959.124634 1394.577759 1394.812622 
1962.408203 1960.769653 1397.050903 1396.145386 
1963.829590 1963.610352 1398.198120 1398.458252 
1965.253174 1966.693726 1399.365601 1399.829834 
1968.109253 1968.125610 1400.738159 1400.811646 
1969.779053 1969.559570 1403.093506 1402.183472 
1972.652710 1972.436401 1404.294189 1404.586792 
1974.091919 1974.118286 1405.498535 1405.802368 
1977.250610 1977.250732 1408.123413 1407.209595 
1978.476318 1978.700317 1409.348267 1408.433594 
1981.391968 1981.608276 1410.783325 1411.108643 
1982.895752 1983.308960 1412.025269 1412.344360 
1984.870605 1986.232910 1413.261841 1413.384033 
1987.639893 1987.698608 1415.554443 1414.635254 
1990.880127 1990.913574 1417.046753 1416.126465 
1992.400635 1992.160522 1418.141113 1418.755615 
1994.169800 1993.647095 1419.677856 1420.075806 
1997.500610 1996.656738 1420.998901 1421.399780 
1999.051880 1998.666870 1423.661377 1422.736328 
2000.654663 2001.484985 1425.020874 1424.094849 
2003.816650 2003.027466 1426.375488 1427.043701 
2005.686279 2004.782959 1427.971680 1428.405640 
2007.538818 2008.132568 1429.334717 1429.771240 
2009.154907 2009.697144 1430.701294 1431.375366 
2012.629272 2011.525024 1432.306519 1432.744507 
2014.234009 2014.736938 1433.676514 1434.126709 
2017.474487 2016.351074 1435.059692 1435.517944 
2019.088135 2019.861206 1437.833862 1436.899048 
2020.958618 2021.747925 1439.458252 1438.522339 
2022.560303 2023.393433 1441.087402 1440.150269 
2025.809204 2025.032227 1442.481323 1441.543213 
2027.449585 2026.928101 1443.883423 1442.944336 
2030.993042 2029.921875 1445.298462 1445.761597 
2032.621216 2031.857788 1446.702637 1447.173218 
2033.995850 2035.400635 1448.115234 1448.816528 
2035.906738 2037.028442 1449.759521 1450.235474 
2039.242065 2038.668457 1451.179443 1451.418945 
2040.904541 2040.330933 1454.029907 1453.083984 
2042.846802 2043.655396 1455.465454 1454.518433 
2046.474243 2045.594604 1456.904541 1455.956543 
2047.864990 2047.246826 1458.588379 1457.639160 
2049.548828 2050.577637 1460.034668 1459.084595 
2052.896484 2051.984863 1461.474487 1460.523438 
2054.861084 2053.958252 1463.160645 1462.208496 
2056.526611 2057.608887 1464.617432 1463.664307 
2058.468506 2059.306885 1466.072632 1466.586060 
2061.823730 2061.280518 1467.541260 1468.047119 
2063.806885 2064.392578 1469.003174 1469.521362 
2065.233643 2066.089111 1470.478516 1471.240356 
2068.917969 2067.777832 1472.198730 1472.716919 
2070.638672 2069.763428 1473.676270 1474.196777 
2072.339111 2073.407471 1475.157104 1475.680176 
2074.062988 2075.094238 1476.641357 1477.166748 
2078.065186 2076.794434 1478.129028 1478.661621 
2079.775146 2078.795898 1480.697754 1480.409790 
2081.800049 2082.239990 1481.374146 1481.906372 
2083.226807 2083.949951 1484.372559 1483.406006 
2086.956055 2085.684326 1485.861206 1484.893677 
2088.992188 2089.135742 1487.373779 1486.405396 
2090.427734 2091.144531 1488.636719 1489.116821 
2092.166748 2093.166992 1490.408691 1489.438354 
2096.174072 2094.888916 1491.920410 1491.699341 
2097.931641 2096.927490 1493.644409 1492.671997 
2099.691162 2100.373291 1495.099121 1495.568359 
2101.737549 2102.116211 1496.542358 1497.237061 
2103.469482 2104.165771 1498.212158 1498.453369 
2107.245605 2107.358887 1499.429199 1500.253418 
2108.994873 2109.350830 1501.230347 1501.565186 
2111.030029 2111.389648 1502.542969 1503.388428 
2112.761475 2113.158203 1504.367554 1504.950073 
2116.297607 2114.928711 1505.930054 1506.503052 
2118.343262 2118.729248 1507.484131 1508.054443 
2120.404053 2120.758301 1509.036499 1509.600830 
2121.882568 2122.527832 1510.583984 1511.145020 
2123.969971 2124.287842 1512.128906 1512.945557 
2127.524170 2126.334961 1513.930542 1514.747192 
2129.297852 2129.854736 1515.733276 1516.293335 
2131.384766 2131.632812 1517.280273 1518.094238 
2133.175537 2133.689697 1519.082397 1519.645264 
2135.244873 2135.760986 1520.634155 1521.198608 
2138.508545 2139.344727 1522.188354 1522.749023 
2140.583252 2140.833984 1523.739746 1524.561768 
2142.681641 2142.915039 1525.553589 1526.123169 
2144.480225 2144.697266 1527.115845 1527.686890 
2148.364746 2146.793457 1528.680420 1529.514404 
2150.146240 2150.671875 1530.508911 1530.822021 
2152.233154 2152.170410 1531.817261 1532.655518 
2153.716797 2153.950439 1533.651855 1534.492432 
2155.820068 2156.034424 1535.489746 1536.069580 
2159.427979 2158.141846 1537.067749 1537.649048 
2161.223633 2162.027832 1538.648193 1539.495239 
2163.008789 2163.849854 1540.495239 1540.815674 
2165.114502 2165.639160 1541.816406 1542.667236 
2169.059326 2167.736816 1543.668945 1543.991577 
2170.876221 2171.340088 1544.994141 1545.848633 
2172.979492 2173.139404 1546.852051 1547.442993 
2174.789062 2174.964844 1548.447144 1549.050781 
2176.611572 2176.769043 1550.055786 1549.832397 
2180.584961 2178.562988 1551.944824 1550.938843 
2182.391113 2182.501221 1553.302246 1553.909668 
2183.912598 2184.643066 1554.917236 1555.515137 
2185.746338 2186.468262 1556.523315 1557.178955 
2187.867920 2188.581543 1558.188110 1558.636963 
2191.793457 2190.398438 1560.369995 1559.359741 
2193.645508 2192.228027 1562.039917 1561.029053 
2195.796387 2196.214600 1563.431274 1562.419678 
2197.628174 2198.026367 1565.105103 1564.092651 
2199.449951 2199.553223 1567.005859 1565.992554 
2201.549316 2201.392334 1568.684326 1567.670410 
2204.901611 2205.336670 1570.026733 1569.620972 
2207.020508 2207.456543 1570.635742 1571.314331 
2209.142578 2209.314453 1572.330078 1573.292603 
2210.952393 2211.473145 1574.309082 1575.001709 
2212.802002 2213.310059 1576.018921 1576.770142 
2214.931885 2215.138672 1577.788208 1577.069824 
2218.581543 2217.244385 1579.536499 1578.517700 
2220.732422 2220.607422 1581.275024 1580.255493 
2222.591797 2222.732178 1581.815186 1582.314453 
2224.442627 2224.859375 1583.334839 1584.352783 
2228.125488 2226.675049 1585.373901 1586.131714 
2229.981445 2230.663818 1587.153564 1587.900879 
2231.839355 2232.497803 1588.923462 1588.958496 
2234.005371 2234.321777 1590.968750 1589.945435 
2236.160889 2236.477539 1592.730591 1591.706665 
2237.717285 2238.341797 1594.196411 1593.171997 
2241.770508 2240.196533 1595.442383 1595.258179 
2243.319092 2243.887939 1596.283447 1597.024780 
2245.523438 2245.747314 1598.050781 1599.068481 
2247.706299 2247.610107 1600.095093 1600.815063 
2249.272461 2249.780762 1601.842285 1602.575073 
2251.459229 2251.939941 1603.602905 1603.692017 
2255.221924 2255.382080 1605.388672 1604.360352 
2257.092773 2257.559814 1607.176270 1606.147339 
2258.966553 2259.111084 1608.953613 1607.924194 
2261.151367 2261.318359 1610.025269 1610.003052 
2263.039307 2263.503418 1611.033081 1611.771240 
2264.929199 2265.072510 1612.801880 1613.263916 
2267.130859 2267.261475 1614.294922 1615.336426 
2270.913574 2271.026855 1616.367676 1616.843140 
2272.794678 2272.898682 1617.874878 1617.765747 
2274.702148 2274.774170 1619.986328 1618.954224 
2276.583496 2276.961670 1621.785767 1620.753418 
2278.791504 2278.850586 1622.438965 1622.856201 
2280.703857 2280.742188 1623.888794 1624.670288 
2284.506592 2282.946533 1625.703247 1626.776611 
2286.716064 2286.733887 1627.809692 1628.278687 
2288.286865 2288.617920 1629.311890 1628.685791 
2290.225098 2290.527100 1631.130127 1630.096680 
2292.444336 2292.411865 1632.937378 1631.903809 
2294.364014 2294.623535 1634.733887 1633.700195 
2296.588379 2296.536865 1635.264771 1635.813721 
2300.106934 2300.339355 1636.847534 1637.600952 
2302.349854 2302.543701 1638.635010 1638.973877 
2304.262939 2304.108643 1640.715820 1639.681763 
2306.508545 2306.035400 1642.505615 1641.471436 
2308.426514 2308.238525 1644.308716 1643.274536 
2310.660889 2310.142822 1644.773804 1645.395508 
2312.262207 2312.345459 1646.429688 1646.919800 
2316.166016 2315.828857 1647.953979 1649.042969 
2318.431152 2318.046387 1650.077148 1649.929932 
2320.379883 2319.938477 1651.883911 1650.849854 
2322.302490 2322.157227 1653.715820 1652.681885 
2324.571045 2324.050049 1654.237915 1654.490479 
2326.509521 2326.254395 1655.524414 1656.324219 
2328.820557 2327.832764 1657.357910 1658.440186 
2330.761230 2331.680908 1659.473633 1659.585205 
2332.718018 2333.910156 1661.602417 1660.569092 
2334.676025 2335.828857 1663.413940 1662.380981 
2337.046143 2337.720215 1663.859497 1664.524048 
2338.914551 2339.950928 1665.556885 1666.030884 
2343.143311 2341.858643 1667.063477 1668.138550 
2344.784912 2344.129395 1669.170898 1668.567993 
2347.079102 2346.036865 1670.997314 1669.965332 
2349.065186 2347.958496 1672.245239 1672.111328 
2351.332520 2351.816650 1673.143066 1673.619995 
2353.279297 2354.042969 1674.651367 1675.448120 
2355.239258 2355.956787 1676.479248 1677.522217 
2357.212158 2358.197266 1678.552856 1678.275879 
2359.159180 2359.810059 1680.676392 1679.645996 
2361.091309 2362.066650 1681.169678 1681.487915 
2365.035889 2364.018555 1682.517822 1683.329956 
2367.005859 2366.249756 1684.359375 1685.466919 
2369.258057 2368.165039 1686.495850 1685.776245 
2371.215332 2370.092773 1688.300903 1687.272339 
2373.518066 2372.036621 1688.879639 1689.373047 
2375.488525 2375.860107 1690.401001 1691.204102 
2377.431885 2377.794189 1692.231567 1693.022461 
2379.375732 2379.755127 1694.049561 1693.686035 
2381.665771 2381.702881 1696.162476 1695.135986 
2383.648438 2383.929199 1697.956055 1696.930054 
2385.936768 2385.867432 1699.089600 1698.761353 
2387.881348 2388.146240 1699.786743 1700.592529 
2390.787842 2390.098877 1701.617188 1702.322266 
2391.766357 2392.024902 1703.730225 1702.706055 
2394.056152 2393.951660 1705.620728 1704.831665 
2397.941406 2396.223389 1705.855103 1706.354858 
2399.884033 2398.829590 1707.377930 1708.504761 
2402.170898 2400.461426 1709.526978 1710.027832 
2404.139160 2403.989258 1711.049438 1710.763916 
2406.081055 2406.248291 1713.172974 1712.151978 
2408.354248 2408.521240 1713.791626 1713.968750 
2410.321777 2410.436768 1714.989014 1716.104370 
2412.315674 2412.378662 1717.123779 1717.932861 
2414.267578 2414.308594 1718.951538 1719.248291 
2416.220947 2416.579102 1721.061279 1720.043335 
2418.491455 2418.534424 1722.581909 1721.564697 
2420.455566 2420.462646 1723.619995 1723.367432 
2422.407227 2422.720459 1724.383789 1725.475952 
2424.700439 2424.675293 1726.491455 1725.919434 
2426.318115 2426.654541 1728.623657 1727.609131 
2428.571533 2428.594238 1730.023193 1729.435059 
2430.836670 2430.534424 1730.448730 1731.529297 
2434.426270 2432.790527 1732.541992 1732.630127 
2436.384521 2436.679688 1734.378418 1733.366699 
2438.660645 2438.958252 1736.176880 1735.165894 
2440.606201 2440.563965 1737.013184 1737.270874 
2442.866699 2442.802002 1738.280640 1738.763184 
2444.493408 2445.050049 1739.772339 1740.710083 
2446.462158 2446.680664 1741.887329 1740.879272 
2448.416016 2448.612061 1743.683228 1742.676270 
2450.687744 2450.555176 1745.095215 1744.497559 
2452.600586 2452.813721 1745.503418 1746.292847 
2454.539795 2454.742676 1747.297729 1748.074951 
2456.833984 2456.986084 1749.078857 1748.829834 
2458.467041 2458.599121 1751.176636 1750.173828 
2460.389404 2460.552246 1751.854858 1751.979248 
2462.640869 2462.489746 1752.980835 1754.101196 
2464.573486 2464.742920 1755.101562 1754.590210 
2466.519287 2466.639160 1756.904419 1755.905273 
2470.406250 2468.561035 1758.625610 1757.988647 
2472.362305 2470.835693 1758.986694 1759.779419 
2474.316406 2474.358643 1760.776245 1761.582031 
2476.256104 2476.589111 1762.577637 1762.915161 
2478.483643 2478.504639 1764.403198 1763.408813 
2480.433594 2480.432129 1765.647217 1765.501709 
2482.382568 2482.371582 1766.494629 1767.277344 
2484.617676 2484.282471 1768.269043 1768.773193 
2486.237061 2486.219482 1769.764038 1770.572632 
2488.494141 2488.155762 1771.562134 1771.279175 
2490.425049 2490.076172 1772.377930 1772.649780 
2492.664062 2492.281738 1773.637695 1774.421997 
2494.590576 2494.212891 1775.408691 1776.051636 
2496.514160 2496.142822 1777.469482 1776.484375 
2498.434082 2498.356934 1779.275879 1778.291992 
2500.665527 2499.960205 1780.517212 1780.388916 
2502.593994 2502.196289 1781.371216 1782.169434 
2504.495361 2504.107666 1783.150269 1782.737671 
2506.419434 2506.325928 1784.916138 1783.936646 
2508.637207 2508.233887 1785.558350 1785.968140 
2510.543213 2510.140869 1786.945801 1787.733521 
2512.435547 2512.044189 1788.709839 1789.208130 
2514.632080 2514.256836 1790.183228 1790.267700 
2516.519043 2516.171875 1792.222046 1791.248779 
2518.404541 2518.058594 1792.963379 1793.288086 
2520.618896 2519.970215 1794.259644 1795.024658 
2522.525391 2522.173096 1795.994751 1795.972900 
2524.402832 2524.067627 1797.766235 1796.797729 
2526.597168 2525.947998 1798.351807 1798.833740 
2528.484619 2528.131836 1799.800415 1800.579346 
2530.686768 2530.007568 1801.544434 1801.356689 
2532.556396 2531.881104 1803.274414 1802.310913 
2534.423340 2534.083496 1803.857910 1804.354370 
2536.300537 2535.979492 1805.315796 1806.119995 
2538.187500 2537.847656 1807.079834 1807.871338 
2540.061523 2540.030518 1808.829468 1809.308716 
2541.904297 2541.908203 1810.265381 1810.284058 
2544.086426 2544.099121 1811.325439 1811.343628 
2546.251221 2545.960205 1812.298218 1813.089478 
2548.122559 2547.819092 1814.042358 1814.833374 
2550.006104 2549.689209 1815.784668 1815.950439 
2551.846191 2551.570068 1816.985352 1816.861328 
2553.680420 2553.436035 1817.810303 1818.874146 
2555.849121 2555.273438 1819.821045 1820.326050 
2557.703125 2557.448730 1821.271484 1821.292969 
2559.542725 2559.608398 1823.017334 1822.073853 
2561.678223 2561.475586 1824.474854 1824.091553 
2563.228760 2563.354248 1825.032837 1825.525757 
2565.369141 2565.190918 1826.465454 1826.518311 
2567.187500 2567.022217 1828.500366 1827.562988 
2568.976807 2569.188721 1829.439819 1829.572021 
2570.800049 2571.040039 1830.507324 1831.012329 
2572.943848 2572.876221 1831.945801 1832.439697 
2575.066895 2575.007080 1833.947021 1833.015869 
2576.856445 2576.553223 1834.369629 1834.733765 
2578.643066 2578.688965 1835.663086 1836.449219 
2580.437744 2580.502197 1837.376343 1838.149658 
2582.546143 2582.286865 1839.074707 1838.815430 
2584.360107 2584.105957 1840.770630 1839.847534 
2586.169434 2586.242920 1841.823853 1841.822754 
2587.961914 2588.361816 1842.743286 1843.526611 
2590.056396 2590.146240 1844.445068 1844.246582 
2591.856689 2591.928711 1846.144043 1845.227905 
2593.928223 2593.718506 1846.816895 1847.204590 
2595.410156 2595.822021 1848.118286 1848.277100 
2597.464111 2597.631592 1849.798584 1848.887085 
2599.250488 2599.436523 1850.627319 1850.590942 
2601.022949 2601.226074 1851.500244 1852.267334 
2603.088623 2603.314941 1853.174316 1853.964966 
2604.554443 2605.111084 1854.869629 1854.556274 
2606.615234 2607.179443 1856.537720 1855.635254 
2608.375244 2608.657471 1857.331665 1857.590210 
2610.144287 2610.707031 1858.489990 1859.277954 
2611.909424 2612.489258 1860.175293 1859.548950 
2613.957275 2614.257568 1861.857056 1860.962158 
2615.729248 2616.319336 1862.654907 1862.619019 
2617.497803 2617.781982 1863.511475 1864.091919 
2619.536377 2619.837646 1865.435669 1864.546143 
2621.286621 2621.591797 1866.798462 1865.911011 
2623.021484 2623.354736 1867.536011 1867.593750 
2624.766602 2625.114502 1868.478394 1869.508423 
2626.798096 2627.153320 1870.389771 1870.567261 
2628.509033 2628.916992 1872.037476 1871.159058 
2630.204834 2630.677490 1872.734985 1873.064453 
2631.920166 2632.703369 1873.939209 1874.437500 
2633.942383 2634.444092 1875.309814 1874.967041 
2635.670410 2636.168457 1876.934326 1876.065186 
2637.394775 2637.902344 1877.286499 1877.968872 
2639.399902 2639.921631 1878.834229 1879.588135 
2641.112793 2641.622070 1880.450195 1879.751343 
2642.822998 2643.308105 1881.993164 1881.481934 
2644.541504 2645.012939 1882.340210 1883.092529 
2646.264893 2647.022949 1883.947510 1884.423706 
2647.974854 2648.741699 1885.815796 1884.964600 
2649.965576 2650.455078 1886.471802 1886.301880 
2651.691162 2652.447021 1887.150269 1887.911987 
2653.391357 2654.151123 1888.757080 1889.552979 
2655.101807 2655.850098 1890.394409 1889.945679 
2656.819824 2657.556641 1891.624756 1891.428711 
2658.533203 2659.270264 1892.266235 1893.036865 
2660.546143 2660.969727 1893.870850 1894.036133 
2662.262695 2662.330811 1895.447632 1894.617065 
2663.987305 2662.947021 1896.472168 1896.476562 
2665.971924 2664.662598 1897.302979 1897.369507 
2667.688965 2666.350586 1898.881836 1898.058960 
2669.413086 2668.048096 1899.883301 1899.941040 
2671.107910 2669.751953 1900.759888 1901.513062 
2672.807861 2671.450439 1902.328247 1901.946533 
2673.911133 2673.446533 1903.903076 1903.091553 
2674.797852 2675.148682 1904.202515 1904.664917 
2676.764404 2676.857422 1905.472778 1906.244629 
2678.449951 2678.825684 1907.048950 1907.314941 
2680.130371 2680.526123 1908.037109 1908.050903 
2681.525879 2682.231445 1908.850952 1909.596680 
2683.181885 2683.908691 1910.393188 1910.027588 
2685.119141 2685.591553 1911.666748 1911.401123 
2686.775391 2687.559326 1912.193359 1912.695312 
2688.425781 2687.675781 1913.484375 1914.119995 
2690.060303 2689.506592 1915.283081 1914.498291 
2691.945557 2691.177734 1915.814209 1916.055176 
2693.589111 2692.842773 1916.836304 1917.821899 
2695.502930 2694.226074 1918.598755 1918.170654 
2697.128418 2695.868164 1920.106689 1919.333374 
2698.759521 2697.790039 1921.072876 1920.850342 
2700.385986 2699.433838 1921.620117 1922.373169 
2700.477295 2701.073486 1923.139282 1923.465576 
2702.007568 2702.696289 1924.630493 1923.868042 
2703.887451 2704.565430 1925.457520 1925.346436 
2705.223877 2706.190674 1926.105469 1926.841309 
2706.829834 2708.079102 1927.596558 1927.185669 
2708.668213 2709.681396 1929.035278 1928.351929 
2710.242188 2711.290283 1929.103516 1929.845581 
2712.071533 2711.406982 1930.593750 1930.646484 
2713.643799 2712.894287 1932.285034 1931.541016 
2715.186279 2714.492432 1932.730713 1933.010986 
2716.731445 2716.349121 1933.751465 1933.600464 
2718.283447 2717.670166 1935.470703 1934.734375 
2719.821289 2719.254639 1935.801880 1936.201904 
2721.107422 2721.067871 1936.934692 1937.641846 
2722.899414 2722.622803 1938.371094 1938.483643 
2724.678711 2724.432861 1939.801392 1939.075806 
2726.195068 2725.989258 1940.429932 1940.758667 
2727.705566 2727.519531 1941.480103 1941.283203 
2729.201904 2729.053223 1942.928467 1942.210571 
2730.705078 2730.591553 1943.226807 1943.877197 
2732.205322 2732.114258 1944.590942 1945.146606 
2733.575928 2733.386719 1945.993896 1945.283813 
2733.944824 2735.159668 1947.151367 1946.444336 
2735.497559 2735.603760 1947.394531 1948.078247 
2736.924561 2736.926025 1948.781250 1948.355469 
2738.399902 2738.435547 1949.565918 1949.713501 
2739.867188 2739.938721 1950.412231 1951.083252 
2741.328125 2741.425781 1951.778442 1952.141357 
2743.021973 2742.918701 1953.158447 1952.467041 
2744.461670 2744.406738 1953.734131 1953.834106 
2746.128418 2746.126709 1954.521973 1955.159180 
2747.548584 2747.358154 1956.120850 1955.437378 
2748.959473 2749.077393 1956.717163 1956.809937 
2750.359863 2750.544678 1957.489746 1958.155762 
2751.753174 2752.005859 1958.831787 1958.594482 
2753.379639 2753.459717 1959.500244 1959.723877 
2754.546875 2754.474365 1960.395630 1961.074707 
2756.183105 2755.145020 1961.742554 1961.938843 
2757.581055 2756.580566 1963.102173 1962.438110 
2758.970215 2758.245850 1963.468994 1963.764893 
2759.641846 2759.667236 1964.425049 1965.084473 
2760.579834 2761.082764 1965.740967 1965.756714 
2761.947510 2762.491943 1966.331299 1966.610229 
2763.303467 2763.894775 1967.262207 1967.924194 
2764.652344 2765.524902 1968.572266 1968.633911 
2766.001221 2766.686035 1969.865479 1969.221191 
2767.561035 2768.306152 1970.876709 1970.739746 
2769.106934 2769.688721 1971.379395 1971.803223 
2770.422363 2771.066162 1972.439575 1972.529419 
2771.731934 2772.309082 1973.001709 1973.276123 
2773.038818 2772.665771 1973.907959 1974.201660 
2774.342285 2774.029297 1975.375854 1974.748657 
2775.859375 2775.383789 1976.435791 1975.811768 
2777.157227 2776.729248 1976.777954 1977.063721 
2778.448975 2778.070801 1977.683594 1977.623413 
2779.733643 2779.621582 1978.933350 1978.317505 
2781.004395 2781.164062 1979.783813 1979.764526 
2782.278076 2782.480957 1980.375610 1980.992432 
2783.542725 2783.793213 1981.599731 1981.227051 
2785.003174 2785.099121 1982.515137 1982.411255 
2786.249756 2786.130371 1983.013550 1983.425903 
2787.493896 2786.397705 1984.024902 1983.802979 
2788.733887 2787.903320 1985.243774 1984.648926 
2789.064697 2789.185303 1985.679199 1985.854980 
2790.177002 2790.459229 1986.445923 1986.253540 
2791.403564 2791.725342 1987.832397 1987.246216 
2792.524170 2792.976074 1988.107910 1988.408691 
2794.057129 2794.228516 1988.990723 1989.581177 
2795.068115 2795.473877 1990.159058 1990.433594 
2796.478760 2796.917236 1990.949341 1990.960938 
2797.679932 2798.146484 1991.533813 1991.936768 
2798.672852 2799.369385 1992.506226 1993.021484 
2799.854492 2800.586914 1993.641724 1993.076538 
2801.220947 2800.870850 1994.239502 1994.401855 
2802.381104 2802.002686 1994.962280 1995.532837 
2803.530273 2803.202637 1996.088989 1995.568726 
2804.860107 2804.900635 1996.999878 1996.664307 
2805.998779 2805.795410 1997.216309 1997.795654 
2806.938721 2806.781494 1998.343384 1998.282593 
2808.075195 2808.151611 1999.445557 1998.901978 
2809.398926 2809.316650 2000.006592 2000.016968 
2810.531494 2810.280762 2000.556030 2001.123169 
2811.659912 2811.431152 2001.657837 2001.778687 
2812.968994 2812.765381 2002.444824 2002.212646 
2814.069092 2813.899658 2002.743042 2003.451538 
2815.178711 2815.025879 2003.977173 2003.759888 
2816.279297 2816.329590 2004.429565 2004.531006 
2817.132080 2817.438965 2005.052246 2005.601685 
2817.551025 2818.351074 2006.118530 2006.167847 
2818.631104 2819.449707 2006.881348 2006.817749 
2819.700928 2819.733643 2007.329468 2007.693726 
2820.762207 2820.725830 2008.201782 2008.484375 
2821.990479 2821.815430 2009.408447 2008.905396 
2823.027832 2822.898926 2010.084473 2009.932373 
2824.238525 2824.155518 2010.430786 2010.779297 
2825.270996 2825.210938 2011.607788 2011.114380 
2826.468750 2826.274170 2012.349243 2012.122559 
2827.482910 2827.329102 2012.611572 2013.122070 
2828.667480 2828.548584 2013.606689 2013.492798 
2829.502930 2829.584717 2014.086426 2014.112549 
2830.669678 2830.611816 2014.592773 2015.252319 
2831.667969 2831.630371 2015.727417 2015.418457 
2832.654053 2832.088379 2016.266113 2016.231201 
2833.644043 2832.809326 2016.701904 2017.186523 
2834.520508 2833.803955 2017.652832 2017.581177 
2834.791992 2834.963379 2018.609375 2018.147461 
2835.917236 2835.949463 2019.055298 2019.244141 
2836.879395 2837.090332 2019.700928 2019.873901 
2837.668213 2838.053467 2020.631104 2020.178467 
2838.735107 2839.176758 2021.142456 2021.097046 
2839.607666 2839.967041 2021.545288 2021.543823 
2840.437012 2841.069092 2022.597290 2022.153809 
2841.392334 2842.012451 2022.824707 2023.053223 
2842.325195 2842.942383 2023.492188 2023.943604 
2843.791748 2843.872314 2024.378174 2024.131836 
2844.459717 2844.516846 2024.741089 2024.981201 
2845.083252 2844.947510 2025.410767 2025.865356 
2846.384033 2845.998291 2026.290527 2026.267578 
2847.072021 2846.896484 2027.147949 2026.727173 
2847.561035 2847.632324 2027.393555 2027.724487 
2848.812988 2848.628174 2028.140259 2028.345337 
2849.373535 2849.444092 2028.984497 2028.572998 
2850.509521 2850.217041 2029.253540 2029.553589 
2851.169189 2851.104492 2029.959839 2029.870483 
2852.391113 2851.967529 2030.582642 2030.375854 
2852.954102 2852.665771 2030.777832 2031.189209 
2853.513672 2853.940674 2031.586670 2031.602539 
2854.616455 2854.518799 2032.392578 2031.999390 
2855.166504 2855.173096 2032.692017 2032.806396 
2856.351807 2856.359375 2033.195190 2033.598022 
2856.894531 2856.809814 2033.982178 2033.997803 
2857.972412 2857.961914 2034.748169 2034.368164 
2858.416016 2858.477783 2035.037598 2035.271240 
2859.124756 2859.524658 2035.645874 2035.601074 
2860.194824 2860.131348 2036.206177 2036.155396 
2860.812256 2860.645996 2036.525024 2036.912231 
2861.873047 2861.762451 2037.277344 2037.164795 
2862.399902 2862.274902 2038.025757 2037.665283 
2863.008545 2863.286377 2038.021484 2038.391846 
2864.042969 2863.791016 2038.748047 2038.663452 
2864.556396 2864.375732 2039.461182 2039.109619 
2865.072266 2865.365234 2039.781616 2039.949219 
2866.168701 2865.855713 2040.295532 2040.271729 
2866.584229 2866.750244 2040.999634 2040.657837 
2867.166504 2867.395264 2041.486328 2041.351562 
2868.170654 2867.878418 2041.688965 2041.960083 
2868.759766 2868.919678 2042.477783 2042.145630 
2869.259277 2869.318604 2043.044312 2042.715942 
2869.850586 2869.875000 2043.371704 2043.492920 
2870.918701 2870.900635 2043.815918 2043.891968 
2871.334717 2871.369141 2044.460571 2044.142090 
2871.830811 2871.834473 2044.475952 2044.771729 
2872.805420 2872.758301 2045.085938 2045.039551 
2873.367676 2873.218262 2045.716675 2045.407104 
2873.839111 2874.117432 2046.020508 2046.142456 
2874.854492 2874.642090 2046.446655 2046.448730 
2875.317383 2875.093506 2047.158691 2046.859863 
2875.776855 2876.064209 2047.392578 2047.453491 
2876.232910 2876.507568 2047.747925 2047.806641 
2877.136963 2877.032715 2048.327881 2048.038086 
2877.583984 2877.478271 2048.830811 2048.617432 
2878.104248 2878.349609 2048.902832 2049.229004 
2878.915771 2878.787598 2049.568359 2049.288330 
2879.356934 2879.288574 2049.810303 2049.855713 
2879.802246 2880.140137 2050.131104 2050.413574 
2880.277100 2880.556641 2050.684082 2050.491211 
2880.806885 2880.973145 2051.223145 2050.957275 
2881.651855 2881.455322 2051.336914 2051.580566 
2882.068848 2882.268311 2051.841309 2051.704346 
2882.482178 2882.668457 2052.363281 2052.107422 
2883.285400 2883.069336 2052.611572 2052.702148 
2883.689941 2883.462891 2052.952637 2053.119629 
2884.089600 2884.314697 2053.366211 2053.328125 
2884.547119 2884.707520 2053.736328 2053.687988 
2885.325928 2885.025391 2053.929443 2054.174072 
2885.712891 2885.796387 2054.410889 2054.339844 
2886.095215 2886.175537 2054.786621 2054.646729 
2886.472412 2886.670166 2054.878662 2055.187012 
2886.905762 2886.976807 2055.413330 2055.217773 
2887.690430 2887.404297 2055.785400 2055.562744 
2887.985840 2888.119385 2055.921387 2056.080322 
2888.339844 2888.462646 2056.297363 2056.224121 
2888.747803 2888.805664 2056.724609 2056.512451 
2889.487549 2889.151367 2056.893799 2056.937988 
2889.821533 2889.883789 2057.145508 2057.353760 
2890.150635 2890.160400 2057.556396 2057.492676 
2890.476074 2890.542969 2057.718262 2057.823730 
2890.796631 2890.868164 2058.020996 2058.221191 
2891.476807 2891.188232 2058.413574 2058.237061 
2891.783936 2891.866943 2058.796143 2058.608643 
2892.086426 2892.122070 2058.903076 2059.041992 
2892.384277 2892.520508 2059.224121 2059.156738 
2892.967529 2892.763916 2059.436279 2059.405273 
2893.252441 2893.054932 2059.582520 2059.755615 
2893.532959 2893.388184 2059.928223 2059.889404 
2893.853516 2893.991699 2060.266846 2060.099121 
2894.122803 2894.262939 2060.479492 2060.487793 
2894.646240 2894.529541 2060.650146 2060.702393 
2894.901611 2894.791016 2060.962646 2060.804932 
2895.193604 2895.047607 2061.084473 2061.110352 
2895.439209 2895.587402 2061.262939 2061.410889 
2895.682617 2895.830078 2061.558838 2061.456543 
2895.958252 2896.068115 2061.857178 2061.754639 
2896.415771 2896.301270 2061.896973 2062.038330 
2896.675293 2896.754883 2062.176025 2062.101807 
2896.928711 2896.973877 2062.445068 2062.312500 
2897.105957 2897.188477 2062.521484 2062.619385 
2897.349121 2897.432373 2062.746338 2062.780273 
2897.751465 2897.636475 2062.993896 2062.871826 
2897.945801 2897.835693 2063.083008 2063.114258 
2898.169189 2898.220703 2063.231689 2063.348877 
2898.353516 2898.435791 2063.461182 2063.457275 
2898.706543 2898.615234 2063.635010 2063.574951 
2898.876709 2898.791992 2063.682617 2063.789307 
2899.041992 2898.990479 2063.891846 2063.882324 
2899.228760 2899.316162 2064.092773 2064.026367 
2899.409668 2899.497559 2064.123291 2064.221680 
2899.560059 2899.672363 2064.313965 2064.277344 
2899.871094 2899.793213 2064.491455 2064.404297 
2900.007080 2899.957275 2064.500977 2064.578125 
2900.138184 2900.092529 2064.660156 2064.680176 
2900.264893 2900.350098 2064.820312 2064.742920 
2900.504639 2900.492676 2064.860596 2064.897705 
2900.617676 2900.608887 2064.969727 2064.986328 
2900.743652 2900.702148 2065.132812 2065.066406 
2900.847168 2900.825928 2065.194336 2065.199707 
2901.040527 2901.024902 2065.261230 2065.323730 
2901.144775 2901.132568 2065.380127 2065.403809 
2901.229004 2901.233643 2065.450684 2065.453369 
2901.321777 2901.315186 2065.503906 2065.536377 
2901.395996 2901.392578 2065.600342 2065.554688 
2901.531494 2901.477051 2065.673096 2065.645996 
2901.602539 2901.606689 2065.686768 2065.725830 
2901.658936 2901.664551 2065.761475 2065.738525 
2901.710938 2901.717773 2065.826416 2065.796143 
2901.766357 2901.766357 2065.838135 2065.865234 
2901.846924 2901.855713 2065.889648 2065.877441 
2901.886230 2901.889648 2065.911865 2065.919678 
2901.915283 2901.919434 2065.938232 2065.939453 
2901.939941 2901.944092 2065.968994 2065.955322 
2901.976807 2901.967285 2065.981445 2065.980713 
2901.989014 2901.994141 2065.989014 2065.993652 
2901.997559 2901.999268 2065.998047 2065.999756 
2901.999756 2901.999512 2065.999268 2065.999756 
2901.990723 2901.995605 2065.995850 2065.994141 
2901.981934 2901.985352 2065.987549 2065.987061 
2901.967285 2901.953125 2065.966309 2065.978027 
2901.921387 2901.926270 2065.954834 2065.951660 
2901.898682 2901.898438 2065.935059 2065.931152 
2901.855957 2901.866211 2065.893555 2065.915283 
2901.825439 2901.822510 2065.867188 2065.860596 
2901.777588 2901.733887 2065.833252 2065.842773 
2901.673584 2901.682861 2065.769531 2065.802002 
2901.628174 2901.626953 2065.745117 2065.720947 
2901.559814 2901.566406 2065.682617 2065.696289 
2901.487305 2901.490479 2065.597656 2065.640869 
2901.347656 2901.346436 2065.565674 2065.550049 
2901.270996 2901.253906 2065.502197 2065.449463 
2901.176514 2901.184570 2065.396240 2065.420166 
2901.090332 2901.097412 2065.317139 2065.338623 
2900.889160 2900.893066 2065.280518 2065.196777 
2900.788574 2900.808838 2065.132812 2065.131836 
2900.666992 2900.668213 2065.019287 2065.087158 
2900.558594 2900.576416 2064.980957 2064.945801 
2900.427002 2900.322998 2064.872803 2064.838135 
2900.188721 2900.177979 2064.692871 2064.771729 
2900.042236 2900.070801 2064.621826 2064.611084 
2899.912354 2899.915527 2064.527100 2064.506104 
2899.779053 2899.757324 2064.321533 2064.410889 
2899.476074 2899.468506 2064.307129 2064.228027 
2899.304199 2899.317627 2064.133301 2064.038086 
2899.152344 2899.135986 2063.938721 2063.935059 
2898.995605 2898.975586 2063.847900 2063.837158 
2898.669189 2898.782471 2063.732910 2063.625000 
2898.497803 2898.436279 2063.515869 2063.470703 
2898.321289 2898.227539 2063.291016 2063.405029 
2897.954346 2898.044189 2063.121094 2063.212891 
2897.732178 2897.825439 2063.094727 2062.932861 
2897.504150 2897.633545 2062.808838 2062.915771 
2897.338379 2897.204102 2062.578857 2062.639404 
2897.101562 2896.999512 2062.510010 2062.377930 
2896.860107 2896.791016 2062.243408 2062.274658 
2896.470215 2896.542480 2062.088379 2062.107178 
2896.215576 2896.067139 2061.967529 2061.828857 
2895.993408 2895.841553 2061.684326 2061.749268 
2895.576172 2895.611816 2061.389648 2061.539062 
2895.303711 2895.376953 2061.248047 2061.239990 
2895.066162 2894.895996 2061.085693 2061.042236 
2894.783447 2894.646484 2060.721680 2060.881592 
2894.239258 2894.435059 2060.451904 2060.616211 
2893.981445 2894.133789 2060.358154 2060.234131 
2893.718750 2893.514648 2060.064209 2059.977783 
2893.178467 2893.288574 2059.721436 2059.896484 
2892.854980 2892.968018 2059.453369 2059.549805 
2892.573486 2892.643555 2059.369873 2059.194336 
2892.335693 2892.124512 2059.009277 2059.147217 
2891.998779 2891.788818 2058.848389 2058.767822 
2891.408447 2891.497803 2058.576904 2058.392578 
2891.057617 2891.203613 2058.196777 2058.333252 
2890.752197 2890.605469 2057.925537 2057.943359 
2890.441650 2890.301025 2057.741699 2057.548828 
2889.750000 2889.940674 2057.342041 2057.407227 
2889.480469 2889.251709 2056.933594 2057.145020 
2889.098389 2888.927490 2056.854248 2056.732666 
2888.708740 2888.598145 2056.516357 2056.311279 
2888.034424 2888.320068 2056.089844 2056.020752 
2887.631592 2887.527100 2055.839844 2055.808594 
2887.285645 2887.181152 2055.581543 2055.442383 
2886.936035 2886.889893 2055.211182 2055.049805 
2886.163330 2886.478027 2054.682129 2054.919434 
2885.798828 2885.759033 2054.490967 2054.461914 
2885.368652 2885.332275 2054.219482 2053.995605 
2884.994873 2884.961426 2053.748291 2053.953369 
2884.237061 2884.586182 2053.561279 2053.441406 
2883.789062 2883.753906 2053.188232 2052.957031 
2883.335449 2883.430176 2052.698730 2052.900635 
2882.943115 2882.973145 2052.201416 2052.464600 
2882.548096 2882.508301 2052.057617 2051.963623 
2881.749268 2881.708740 2051.695557 2051.452393 
2881.276367 2881.231934 2051.179199 2051.151123 
2880.936035 2880.823242 2050.932617 2050.847900 
2879.969727 2879.925781 2050.568848 2050.476562 
2879.549561 2879.505371 2049.947510 2050.232178 
2879.126465 2879.080811 2049.647949 2049.695557 
2878.699951 2878.580811 2049.405762 2049.150635 
2877.766357 2877.710205 2048.855957 2048.801025 
2877.330566 2877.269287 2048.298340 2048.597900 
2876.817139 2876.750244 2048.071533 2048.037109 
2875.926270 2876.226318 2047.732544 2047.372559 
2875.398438 2875.315674 2047.062622 2047.196655 
2874.944092 2874.854492 2046.745850 2046.794556 
2874.485596 2874.389648 2046.479614 2046.208984 
2873.557617 2873.842041 2045.888672 2045.615234 
2873.011963 2872.891846 2045.290161 2045.427124 
2872.540771 2872.330811 2044.689087 2045.019165 
2871.985840 2871.845459 2044.429810 2044.410400 
2870.942383 2870.865234 2044.075562 2043.793945 
2870.455811 2870.369873 2043.454346 2043.397949 
2869.965576 2869.788086 2043.128784 2043.065063 
2868.969238 2869.285400 2042.719849 2042.432129 
2868.382324 2868.183594 2042.082275 2041.887207 
2867.873291 2867.668701 2041.436890 2041.791504 
2866.757812 2867.063477 2041.114746 2041.143555 
2866.238281 2866.540771 2040.784180 2040.378174 
2865.628906 2865.397949 2040.013184 2040.203857 
2865.104248 2864.955078 2039.349976 2039.719482 
2863.955566 2864.331787 2039.248657 2039.160522 
2863.420654 2863.162842 2038.786987 2038.594971 
2862.792725 2862.709473 2037.876587 2038.256348 
2861.706299 2861.978271 2037.301025 2037.684814 
2861.158447 2861.425781 2036.974854 2036.876343 
2860.606934 2860.306641 2036.487305 2036.175659 
2859.399414 2859.746582 2035.782104 2035.586426 
2858.837158 2859.088867 2035.189331 2035.096802 
2858.272217 2857.951172 2034.779419 2034.873047 
2857.032715 2857.280762 2034.471069 2034.031860 
2856.548584 2856.702393 2033.624878 2033.609497 
2855.875000 2856.023438 2032.891968 2033.303467 
2855.196777 2854.850342 2032.620728 2032.568115 
2854.116455 2854.160645 2032.152100 2031.701172 
2853.429199 2853.566895 2031.280029 2031.403687 
2852.131836 2852.271729 2030.525269 2030.950684 
2851.535156 2851.669922 2029.897217 2030.326416 
2850.935303 2851.065430 2029.546509 2029.563354 
2849.716797 2849.845215 2029.129639 2028.664429 
2849.003662 2849.126953 2028.225464 2028.489136 
2848.387939 2848.507324 2027.443237 2027.886475 
2847.147461 2847.258789 2027.194580 2027.102417 
2846.522217 2846.518066 2026.654907 2026.601929 
2845.894775 2845.984375 2025.726929 2026.180054 
2844.528809 2844.496582 2024.938843 2025.395996 
2843.789062 2843.854004 2024.329590 2024.592529 
2843.152100 2843.308594 2024.131104 2023.783081 
2841.759766 2841.902100 2023.317139 2023.384888 
2841.110107 2841.125244 2022.360229 2022.831177 
2840.347168 2840.468506 2022.372070 2022.008667 
2839.689453 2839.138916 2021.533325 2021.180054 
2838.366699 2838.473633 2020.700317 2020.585327 
2837.702393 2837.693359 2019.861328 2020.345337 
2836.255127 2836.346680 2019.359619 2019.363770 
2835.575439 2835.669434 2018.874878 2018.522827 
2834.900879 2834.989502 2018.029907 2018.168213 
2833.415527 2833.622314 2017.027954 2017.525757 
2832.611084 2832.821045 2016.952637 2016.664551 
2831.925293 2832.016846 2016.162720 2015.652100 
2830.535400 2830.630127 2015.145508 2015.074219 
2829.839111 2829.814697 2014.274780 2014.785156 
2829.023193 2829.112549 2013.783325 2013.757935 
2827.599609 2827.579102 2013.242798 2013.027100 
2826.757812 2826.867432 2012.508545 2012.226562 
2825.919678 2825.437256 2011.471558 2011.994385 
2824.489746 2824.598633 2010.962402 2011.097046 
2823.772705 2823.877686 2010.570190 2010.202148 
2822.310059 2822.421387 2009.671509 2009.294189 
2821.460205 2821.556396 2008.759888 2008.864624 
2820.728516 2820.827393 2007.689941 2008.228516 
2819.881104 2819.231201 2007.346436 2007.171387 
2818.288574 2818.486084 2006.628540 2006.254028 
2817.543701 2817.746094 2005.707642 2005.495117 
2816.060791 2816.131348 2004.945679 2004.847412 
2815.305908 2815.372559 2003.907104 2004.460571 
2814.430420 2813.712646 2003.052246 2003.609009 
2812.923096 2812.818604 2002.921753 2002.802124 
2812.041260 2812.311523 2002.242188 2001.864990 
2811.158447 2810.531494 2001.301636 2000.943237 
2809.623779 2809.766846 2000.376465 2000.197876 
2808.843994 2808.973877 1999.628296 1999.499390 
2807.292969 2807.285156 1998.927246 1998.848145 
2806.385254 2806.378906 1997.668213 1998.244751 
2805.595215 2805.460449 1996.981079 1996.981445 
2803.907715 2803.885498 1996.400391 1996.308472 
2802.990967 2803.099609 1995.724976 1995.147949 
2802.200684 2801.510742 1994.560303 1994.582031 
2800.488281 2800.584229 1993.992554 1994.023071 
2799.829590 2799.786377 1992.860229 1992.864990 
2798.091064 2798.049805 1992.269531 1992.184814 
2797.151123 2797.112549 1991.587158 1991.601196 
2796.332764 2796.298584 1990.306030 1990.311768 
2794.564697 2794.657715 1989.707886 1989.713745 
2793.892822 2793.829590 1989.107910 1989.122925 
2792.120850 2792.059082 1987.911621 1987.917847 
2791.289307 2791.223877 1987.306274 1987.211792 
2789.658203 2790.260010 1985.989136 1985.996460 
2788.840332 2788.467773 1985.378662 1985.386230 
2787.875000 2787.630859 1984.766602 1984.769775 
2786.223633 2785.821533 1983.635498 1983.433350 
2785.400635 2785.127197 1982.807739 1982.806763 
2783.599854 2784.143066 1982.179199 1982.169067 
2782.750488 2782.308838 1980.798950 1980.893433 
2780.938721 2781.448486 1980.259766 1980.137329 
2780.084229 2779.589600 1979.501465 1979.483276 
2779.096680 2778.883301 1978.078125 1978.060425 
2777.391113 2777.020020 1977.418335 1977.401001 
2776.390381 2776.145752 1976.757080 1976.739746 
2774.663086 2775.289307 1975.419189 1975.392700 
2773.643555 2773.571777 1974.743042 1974.620239 
2772.786133 2772.557861 1973.968384 1973.272827 
2770.915527 2770.824463 1972.617065 1972.581909 
2770.056396 2769.960693 1971.924316 1971.889404 
2768.173828 2768.074219 1971.229980 1971.063354 
2767.314453 2767.185791 1969.693848 1969.507690 
2765.593750 2766.161133 1968.841431 1968.778564 
2764.588135 2764.395752 1968.110352 1967.954224 
2763.579834 2763.362061 1967.283936 1967.335327 
2761.846436 2761.574219 1965.917236 1965.731323 
2760.833496 2760.527588 1965.054810 1965.108398 
2759.074951 2758.723145 1964.430298 1964.234497 
2757.190186 2757.660156 1963.553833 1963.494141 
2756.317139 2756.767578 1962.056641 1961.862305 
2755.295654 2754.822021 1961.174316 1961.106689 
2753.521240 2753.927734 1960.416138 1960.349487 
2752.611816 2751.964355 1959.656372 1959.590576 
2750.803711 2751.066406 1958.121338 1958.058105 
2749.736816 2749.267090 1957.356812 1957.284546 
2747.887207 2748.215820 1956.580444 1956.371338 
2746.829102 2746.259521 1955.664062 1955.573608 
2745.032715 2745.354248 1954.210815 1954.122925 
2744.122559 2743.379395 1953.407349 1953.299316 
2742.159424 2742.459961 1952.580688 1952.484741 
2741.212402 2740.488037 1951.314697 1951.411011 
2739.540039 2739.575439 1950.685425 1949.774048 
2738.455811 2738.508545 1949.042725 1948.953491 
2736.612061 2736.660400 1948.219238 1948.131226 
2734.744385 2734.623291 1947.394043 1947.329346 
2733.654297 2733.838135 1945.772217 1946.515259 
2731.768555 2732.729736 1944.932007 1944.839111 
2730.842529 2730.806396 1944.090454 1943.868286 
2729.740234 2729.705566 1943.116333 1943.169067 
2727.867432 2727.837646 1941.426514 1942.184204 
2725.836182 2725.959229 1940.568359 1941.328735 
2725.049561 2724.858887 1939.708740 1939.613770 
2723.003174 2722.945557 1938.847778 1938.610962 
2722.018555 2722.153809 1937.841919 1937.893799 
2719.972656 2720.095703 1936.423706 1936.756104 
2718.854736 2719.140381 1935.980835 1935.183716 
2716.942627 2717.221924 1934.403564 1934.173584 
2715.834961 2716.103027 1933.390259 1933.306519 
2713.929199 2714.169189 1932.520508 1932.293579 
2712.805176 2713.220459 1931.504395 1931.424316 
2710.893311 2711.130615 1929.759399 1930.553955 
2709.925781 2710.171631 1928.885376 1928.810181 
2708.156006 2708.091797 1928.010132 1927.936279 
2706.844238 2706.332031 1927.133667 1926.915527 
2704.750244 2705.190430 1926.109863 1926.039673 
2703.920654 2703.060791 1924.351440 1924.284912 
2701.794678 2702.087158 1923.470947 1923.552734 
2700.635742 2699.945068 1922.736572 1922.526367 
2698.698730 2698.985107 1920.823486 1921.645386 
2697.579102 2696.872803 1919.938721 1919.733032 
2695.652100 2695.893311 1918.905151 1918.848633 
2693.714844 2693.740723 1918.018188 1917.963745 
2692.580566 2692.767090 1917.130371 1917.078003 
2690.590576 2690.604248 1915.352783 1915.156372 
2689.588135 2688.591797 1914.314331 1914.268311 
2687.472412 2687.767090 1913.423462 1913.367554 
2685.471680 2685.593018 1912.519653 1912.329590 
2684.313232 2684.405273 1910.585327 1910.548462 
2682.194336 2682.228516 1909.691650 1909.508057 
2681.380859 2681.227539 1908.648071 1908.466553 
2679.218506 2679.087402 1907.603027 1907.721924 
2678.076904 2678.110840 1905.809204 1906.678467 
2675.898682 2676.101807 1904.911255 1904.887329 
2674.065674 2673.957275 1904.012573 1903.991089 
2672.930420 2673.121826 1903.113281 1902.932129 
2670.969482 2670.888672 1901.150513 1901.285645 
2669.831543 2669.720215 1900.399414 1900.248901 
2667.878174 2667.701660 1899.359497 1899.348877 
2665.908203 2665.472656 1898.456665 1898.448364 
2664.917236 2664.309814 1896.499268 1896.346191 
2662.953369 2662.464600 1895.444824 1895.444824 
2660.817139 2661.262939 1894.540771 1894.543213 
2659.827637 2659.082031 1893.636353 1893.478516 
2657.527588 2658.051270 1891.663330 1891.673706 
2655.508057 2655.997803 1890.757812 1890.770752 
2654.347168 2653.814697 1889.851807 1889.867432 
2652.524414 2652.817871 1888.038452 1888.059448 
2650.390869 2650.644287 1887.131104 1887.004272 
2649.246582 2648.646973 1886.072021 1886.099609 
2647.274658 2647.633545 1884.255493 1884.289307 
2645.326416 2645.620361 1883.346680 1883.232788 
2644.356201 2643.612305 1882.286011 1882.327026 
2642.213867 2642.437500 1880.315430 1881.269775 
2640.259277 2640.417969 1879.405518 1879.456787 
2638.113770 2638.072021 1878.495483 1878.549927 
2637.126709 2637.041748 1877.585327 1877.491821 
2635.125000 2634.825439 1875.612549 1875.677368 
2633.139893 2632.965332 1874.701782 1874.618530 
2631.967529 2631.788574 1873.638672 1873.723999 
2630.159180 2629.632324 1871.829590 1871.757080 
2627.827881 2627.640625 1870.766357 1870.848999 
2626.039307 2626.656494 1869.854736 1869.940674 
2624.898926 2624.691895 1868.031006 1868.123657 
2622.731689 2622.515869 1867.118774 1867.201782 
2620.591309 2620.531982 1866.193359 1866.141724 
2618.594238 2618.356445 1864.217041 1864.324463 
2617.603516 2617.355713 1863.304810 1863.264160 
2615.444336 2615.328857 1862.240479 1861.597656 
2613.277344 2613.326904 1860.567871 1860.688599 
2611.307617 2612.145752 1859.655518 1859.628418 
2610.160156 2610.326904 1857.831055 1857.658936 
2608.136963 2607.976807 1856.614624 1856.901489 
2606.140137 2606.169922 1855.854370 1855.840698 
2603.993896 2603.843994 1853.877075 1853.870972 
2602.834229 2602.821777 1852.812500 1853.113647 
2601.018066 2600.661133 1850.988037 1851.020508 
2598.816406 2598.652832 1849.951172 1850.111816 
2596.833496 2596.501221 1849.039307 1849.203247 
2594.647949 2595.497559 1847.215698 1847.234741 
2593.814453 2593.327393 1846.152100 1846.326294 
2591.614990 2591.344727 1845.240601 1845.266602 
2589.414551 2589.172852 1843.266479 1843.437378 
2587.390625 2588.131592 1842.342407 1842.378540 
2585.378906 2586.104248 1841.280396 1840.412842 
2584.227539 2583.930664 1839.309204 1839.505981 
2582.044922 2581.749756 1838.399902 1838.599365 
2580.049072 2579.885498 1836.430664 1836.635376 
2577.883789 2578.696533 1835.522217 1835.729248 
2576.741943 2576.691162 1833.554321 1833.766113 
2574.724121 2574.477539 1832.646240 1832.709229 
2572.744385 2572.598877 1831.586914 1831.802979 
2570.429443 2570.371338 1829.770264 1829.990601 
2568.430908 2569.179443 1828.862305 1829.098511 
2566.413330 2567.124512 1827.060669 1827.287964 
2565.227783 2565.079590 1826.153931 1825.479858 
2563.273193 2562.912354 1824.342285 1824.425293 
2561.065186 2560.682861 1823.285767 1823.370239 
2559.086426 2558.670654 1822.229126 1821.560303 
2556.929199 2557.499756 1820.416748 1820.504517 
2554.790771 2555.337646 1819.359863 1818.847168 
2553.783447 2553.143066 1817.700928 1817.794189 
2551.783691 2551.130859 1816.646973 1815.990845 
2549.595947 2548.983154 1814.842529 1815.239868 
2547.582764 2546.941895 1813.039429 1813.287964 
2545.528809 2545.921875 1812.138062 1812.237061 
2543.373779 2543.571289 1811.086670 1810.271606 
2541.392578 2541.729980 1809.120728 1809.371826 
2539.372803 2539.528564 1808.220581 1807.723877 
2537.211426 2537.349121 1806.572266 1806.676758 
2535.437500 2535.346924 1805.525024 1804.734985 
2533.446533 2533.154541 1803.582764 1803.988770 
2531.158691 2532.152588 1801.791748 1802.049561 
2530.160645 2529.946289 1800.896606 1801.155396 
2528.015381 2527.745850 1798.959595 1799.220093 
2525.884521 2525.887451 1798.066528 1798.327881 
2523.759033 2523.697510 1796.133911 1796.382568 
2521.825928 2521.671143 1795.228638 1794.602661 
2519.698975 2519.838135 1793.448486 1793.549927 
2517.722168 2517.457031 1792.395508 1792.659668 
2515.625244 2515.631592 1790.614502 1790.717041 
2513.697510 2513.478516 1789.561768 1789.828003 
2511.559082 2511.471680 1787.783447 1787.903442 
2509.601074 2509.302979 1786.746826 1787.015625 
2507.667236 2507.137939 1784.970581 1785.092773 
2505.523193 2504.990479 1783.934814 1783.319336 
2503.403809 2503.983154 1782.160156 1782.433716 
2501.416016 2501.864014 1780.241089 1780.370728 
2499.458496 2499.906738 1779.209595 1779.487671 
2497.469238 2497.741699 1778.325928 1777.723633 
2495.309814 2495.585449 1776.560425 1776.843140 
2493.363037 2493.630615 1774.652344 1775.085693 
2491.395508 2491.312256 1773.919678 1773.039795 
2489.283203 2489.510742 1771.871338 1772.164673 
2487.462891 2487.422363 1770.994995 1770.416626 
2485.458740 2485.485596 1769.244263 1769.544312 
2483.279053 2482.403809 1767.352295 1767.657471 
2481.145264 2480.447510 1766.480469 1765.775635 
2479.149902 2478.527832 1764.595215 1764.909058 
2477.198730 2476.582520 1762.715088 1763.034790 
2475.096191 2474.476074 1761.849121 1762.171631 
2472.204834 2472.581299 1759.976685 1760.448853 
2470.091797 2470.670410 1758.255005 1758.589844 
2468.927490 2468.622070 1757.396240 1757.591064 
2466.164795 2466.854248 1755.682739 1755.742310 
2464.082275 2463.754150 1754.544067 1754.041138 
2462.186523 2461.623535 1752.840210 1753.177856 
2460.119873 2459.702393 1751.127075 1751.343384 
2458.225586 2457.735107 1750.138428 1749.654785 
2456.171631 2455.839111 1748.447266 1748.671875 
2454.131592 2453.908691 1746.620972 1746.850220 
2451.147705 2451.856201 1745.639282 1745.172729 
2450.058594 2449.763428 1743.959961 1744.196045 
2447.238525 2447.642822 1742.145752 1742.386719 
2445.386230 2444.734375 1741.171021 1740.720947 
2443.367432 2442.868408 1739.503662 1739.059570 
2441.305176 2440.954834 1737.840332 1738.230591 
2439.432617 2438.934082 1736.042969 1736.437744 
2436.620605 2436.899658 1735.214844 1734.787354 
2434.593506 2435.022461 1733.561401 1733.111084 
2432.707275 2432.993652 1731.882080 1732.152710 
2430.654053 2429.907715 1729.963013 1730.376831 
2428.801758 2428.062744 1729.142334 1728.726685 
2426.051025 2426.193604 1727.488892 1726.930176 
2424.203857 2424.512207 1725.688843 1726.116699 
2422.390869 2422.317383 1724.059570 1724.477905 
2419.385254 2419.364990 1722.419922 1722.724121 
2417.546631 2417.473633 1721.474243 1721.109863 
2415.573486 2415.458984 1719.856689 1719.499756 
2413.602539 2413.694824 1718.243286 1717.893555 
2410.723389 2411.666260 1716.634399 1716.025024 
2408.737793 2408.683105 1714.763184 1715.226074 
2406.915527 2406.827881 1713.164551 1713.499268 
2405.107422 2404.962402 1712.234375 1711.778076 
2402.414062 2402.225098 1710.510986 1710.193848 
2400.561035 2400.246582 1708.925171 1708.613525 
2397.685547 2398.274414 1707.343140 1707.693481 
2395.873535 2396.423828 1705.633911 1706.104492 
2394.084473 2393.383057 1704.046143 1704.375366 
2391.124756 2391.561768 1702.318359 1702.667236 
2389.478760 2389.608643 1701.391602 1701.094604 
2387.570557 2387.614990 1699.817505 1699.541870 
2384.796631 2384.925049 1698.263184 1697.849609 
2382.891846 2383.156006 1696.569580 1696.132568 
2380.993164 2380.441406 1694.850830 1695.219238 
2378.197754 2378.621582 1693.423950 1693.683105 
2376.395996 2376.698242 1691.632202 1692.151245 
2374.515625 2374.044678 1690.055908 1690.437256 
2371.768799 2372.135254 1688.373291 1688.775146 
2369.892822 2369.498779 1686.585815 1687.119751 
2368.038818 2367.617920 1685.828491 1685.595459 
2365.475830 2364.876953 1684.302124 1684.075806 
2363.606445 2362.992432 1682.780396 1682.450806 
2360.898682 2361.115967 1681.153198 1680.830444 
2359.166260 2359.217773 1679.530640 1679.200195 
2356.488281 2356.591309 1677.898071 1677.668823 
2354.638184 2354.739014 1676.364868 1676.158203 
2352.096436 2352.026367 1674.852417 1674.515259 
2350.407715 2350.174316 1673.207397 1672.908691 
2347.863525 2347.646973 1671.598755 1671.292725 
2345.317871 2345.825439 1669.980713 1669.697754 
2343.638672 2343.140137 1668.383667 1668.229126 
2340.961182 2341.315430 1666.912964 1666.629395 
2339.142090 2338.768555 1665.311279 1665.125122 
2336.648926 2336.960938 1663.805298 1663.671265 
2334.805908 2334.433594 1661.616211 1662.088013 
2332.305664 2332.629883 1660.018555 1660.629272 
2329.678711 2330.093262 1658.590332 1658.361572 
2327.898193 2327.571289 1657.033569 1656.929810 
2325.259277 2325.894287 1655.600098 1655.518433 
2323.602051 2323.267334 1654.186890 1653.950195 
2320.998779 2320.745117 1652.616943 1652.418945 
2318.426514 2319.110840 1651.083740 1650.863281 
2316.811523 2316.364746 1649.526245 1649.444214 
2314.378174 2314.688477 1647.281372 1647.914551 
2311.693115 2312.273682 1645.867554 1646.374023 
2310.064209 2309.568848 1644.341919 1644.180054 
2307.315186 2307.959717 1642.835205 1642.810303 
2305.655273 2305.385010 1641.463867 1641.303467 
2303.238037 2302.952148 1639.954956 1639.946533 
2300.660889 2301.231934 1637.805908 1638.370728 
2298.900146 2298.855957 1636.343140 1636.243774 
2296.474121 2296.234619 1634.886597 1634.876831 
2293.974121 2293.855713 1633.517212 1633.434326 
2292.340820 2292.144287 1631.406738 1631.997192 
2289.712402 2289.633301 1629.954224 1629.970947 
2287.290771 2287.106689 1628.601807 1628.626221 
2284.765381 2285.571533 1626.457764 1627.146362 
2283.201660 2283.078613 1625.071533 1625.019165 
2280.914551 2280.632080 1623.640747 1623.703857 
2278.436768 2278.297119 1622.323608 1622.286377 
2275.966553 2275.887695 1620.199951 1620.387817 
2273.637207 2274.319336 1619.006104 1618.970703 
2272.003906 2271.761963 1616.935791 1617.014038 
2269.533691 2269.382080 1615.632568 1615.729248 
2267.071533 2266.906494 1613.563477 1614.311890 
2264.624268 2264.622559 1612.164062 1612.256104 
2262.988770 2262.342773 1610.875610 1610.869263 
2260.596191 2260.681641 1609.489014 1608.956665 
2258.185303 2258.228516 1607.576294 1607.554932 
2255.925537 2255.924072 1606.174194 1606.172729 
2253.475830 2253.412598 1604.129761 1604.166992 
2251.263916 2250.908203 1602.783447 1602.915039 
2248.924316 2249.408936 1600.789062 1600.931763 
2246.670166 2246.982178 1599.544067 1599.562622 
2244.313965 2244.490234 1598.172729 1597.767944 
2242.131836 2242.265625 1596.375244 1596.395996 
2239.757080 2239.844971 1594.244263 1594.277954 
2237.614014 2237.484131 1592.879761 1593.050049 
2235.189453 2235.202148 1591.650024 1591.142334 
2232.833740 2232.862061 1589.739380 1589.942627 
2230.574219 2230.643555 1587.841187 1588.010254 
2228.426270 2228.384033 1586.601929 1586.695190 
2226.295898 2226.056152 1584.690674 1584.859131 
2224.117920 2223.753662 1583.446045 1583.461060 
2221.662842 2221.535400 1581.443970 1581.647339 
2219.316162 2219.236084 1580.229736 1580.376343 
2217.099365 2216.927979 1578.346802 1578.568359 
2215.015381 2215.321045 1577.145874 1576.765625 
2212.800537 2212.356934 1575.339966 1575.542969 
2210.597168 2210.233398 1573.558472 1573.863892 
2208.403564 2208.004639 1571.879639 1572.179321 
2206.202637 2205.835938 1570.194946 1570.413208 
2203.384033 2203.377930 1568.976074 1568.569092 
2201.236572 2201.206787 1567.128418 1567.427490 
2199.053711 2199.181152 1565.385254 1565.368286 
2196.975342 2196.915283 1563.953003 1563.696167 
2194.223633 2194.119873 1562.275146 1562.128906 
2192.265625 2191.958496 1560.705322 1560.443115 
2189.671387 2189.807617 1559.018188 1558.898682 
2187.683350 2187.924561 1557.473145 1557.260376 
2185.453125 2185.716309 1555.834595 1555.682007 
2182.614990 2182.782715 1554.255981 1554.113037 
2180.623779 2180.723145 1552.687012 1552.377075 
2178.503174 2178.708252 1550.950684 1550.781128 
2175.865234 2176.135010 1549.354370 1549.180420 
2173.906738 2174.264404 1547.753418 1547.681641 
2171.853760 2171.727295 1546.254028 1546.076660 
2169.666504 2169.565674 1544.648682 1544.527588 
2166.952148 2167.010742 1542.530396 1542.931519 
2164.946045 2164.987305 1541.002075 1541.374390 
2162.750732 2162.195557 1539.443970 1539.809570 
2160.014648 2160.365723 1537.973511 1537.816406 
2158.069824 2158.368896 1536.375488 1536.260864 
2156.038574 2155.756348 1534.816650 1534.763062 
2153.421875 2153.631836 1533.315552 1533.211060 
2151.436768 2151.000000 1531.235840 1531.716064 
2148.797119 2149.054688 1529.721436 1529.642578 
2146.809082 2146.917969 1528.184448 1528.146973 
2144.233887 2144.269043 1526.685669 1526.648682 
2142.238525 2142.378906 1525.184204 1525.189697 
2139.593018 2139.803955 1523.195679 1523.260132 
2137.724365 2137.257568 1521.788452 1521.701172 
2135.094727 2135.414307 1520.226440 1520.286133 
2133.145752 2132.726318 1518.367554 1518.412598 
2130.511719 2130.833252 1516.931030 1516.984619 
2128.037842 2128.209717 1515.500000 1515.520874 
2126.296875 2126.282959 1513.571289 1513.668213 
2123.781494 2123.785400 1512.176880 1512.214600 
2121.942871 2121.885742 1510.278687 1510.415771 
2119.415283 2119.411377 1508.915894 1508.673584 
2116.917725 2116.833740 1507.168457 1507.278198 
2115.065674 2114.979248 1505.768799 1505.394287 
2112.668701 2112.557617 1503.878540 1504.031250 
2110.290283 2110.194336 1502.510986 1502.324951 
2107.798096 2107.792725 1500.798828 1500.964478 
2105.907227 2105.967041 1498.945068 1499.251099 
2103.440674 2103.538086 1497.715332 1497.496948 
2101.354004 2101.290283 1495.958130 1495.798828 
2099.262695 2098.999268 1494.262939 1494.095703 
2096.850830 2096.602295 1492.567993 1492.468628 
2094.219238 2094.170410 1490.950684 1491.241455 
2092.254395 2092.393066 1489.266724 1489.585938 
2089.482666 2090.014893 1487.640869 1487.941895 
2087.379639 2087.428955 1486.453003 1486.176270 
2085.255859 2085.400879 1484.693848 1484.539307 
2083.154541 2083.063721 1483.059204 1482.992432 
2081.049072 2080.497070 1481.512817 1481.315552 
2078.128906 2078.576904 1479.835938 1479.705322 
2076.343506 2075.870361 1478.225830 1478.135986 
2074.231201 2073.823242 1476.656616 1476.592163 
2071.273193 2071.756348 1475.112671 1475.027466 
2069.090576 2069.707031 1473.547974 1473.473511 
2067.000000 2067.648926 1471.640625 1471.686523 
2064.848145 2064.796387 1470.207397 1470.109985 
2062.522705 2063.060791 1468.629639 1468.662231 
2060.278809 2060.062256 1466.818848 1466.782593 
2057.857666 2058.148438 1465.288940 1465.272949 
2055.443604 2056.026855 1463.771362 1463.858521 
2053.054443 2053.998047 1462.349121 1462.111084 
2050.847412 2051.913574 1460.592407 1460.682617 
2048.640625 2049.659912 1458.759766 1458.872559 
2046.267700 2046.210571 1457.342773 1457.402710 
2045.179077 2045.136108 1455.872192 1455.773438 
2042.834229 2042.799316 1454.243530 1454.336914 
2040.679443 2040.487915 1452.544434 1452.707764 
2038.351685 2038.353638 1450.853760 1451.049927 
2036.061401 2036.216553 1449.521606 1449.448608 
2033.951294 2033.914429 1447.919922 1447.744385 
2031.671509 2030.570679 1446.215454 1446.404785 
2028.542480 2029.520630 1444.562012 1444.783203 
2026.469727 2026.209351 1442.955933 1443.189453 
2024.236938 2023.982788 1441.415039 1441.372681 
2022.203613 2021.923218 1439.842896 1439.845825 
2020.163696 2019.690918 1438.314819 1438.333374 
2017.960205 2017.647949 1436.798950 1436.821899 
2015.768066 2015.449463 1435.283081 1435.064575 
2013.756836 2013.427612 1433.520508 1433.570679 
2011.587769 2011.426025 1432.024048 1432.050903 
2008.432617 2009.419434 1430.505371 1430.301514 
2006.459106 2007.257812 1428.757935 1428.890381 
2004.501587 2004.119995 1427.348755 1427.148560 
2002.393066 2002.151489 1425.609131 1425.777344 
2000.293091 2000.027710 1424.239868 1424.091187 
1997.360229 1998.074341 1422.556641 1422.653931 
1995.372070 1996.134644 1420.827271 1420.963867 
1993.377686 1993.098877 1419.450195 1419.308838 
1991.234497 1991.040039 1417.808105 1417.856689 
1989.251221 1988.992798 1416.360840 1416.255127 
1987.119141 1987.400146 1414.759766 1414.814453 
1985.109009 1985.199219 1413.074951 1413.238281 
1982.926636 1982.276123 1411.485596 1411.653198 
1979.915649 1980.182739 1409.881958 1409.988403 
1977.761597 1978.239136 1408.477783 1408.300537 
1975.486328 1976.161377 1406.784546 1406.963867 
1973.250122 1974.210205 1405.217285 1405.374634 
1971.134155 1971.112061 1403.850220 1403.851685 
1969.001709 1969.163696 1402.320923 1402.298828 
1966.645752 1967.068237 1400.762085 1400.766968 
1964.290283 1964.852783 1399.224854 1399.000366 
1963.200806 1962.676758 1397.451172 1397.654785 
1960.774292 1960.615967 1396.100830 1395.959961 
1958.553955 1958.539307 1394.402100 1394.478638 
1956.105469 1956.243408 1392.921265 1392.819824 
1953.660034 1953.947876 1391.267456 1391.369507 
1951.377563 1951.962158 1389.821411 1389.760742 
1949.996216 1949.429443 1388.218140 1388.170654 
1947.816040 1947.258057 1386.633423 1386.737305 
1945.150635 1945.966797 1385.205444 1385.251953 
1942.855713 1943.581299 1383.728882 1383.651611 
1941.402710 1941.354126 1382.139526 1382.095337 
1938.699585 1938.843140 1380.594849 1380.558716 
1936.194092 1936.913696 1379.070312 1379.015747 
1934.721680 1934.252930 1377.539429 1377.523682 
1932.211060 1933.031616 1376.059326 1375.908203 
1930.949219 1930.392334 1374.455688 1374.490601 
1928.168457 1927.946899 1373.048828 1372.943481 
1926.638428 1926.520752 1371.513184 1371.407837 
1924.030640 1923.852539 1369.989258 1369.898682 
1921.137085 1921.393921 1368.260254 1368.354248 
1919.774414 1920.164673 1366.959229 1366.844238 
1916.826172 1917.178223 1365.248779 1365.345703 
1915.428711 1915.900879 1363.777710 1363.884644 
1912.847290 1913.345703 1362.356079 1362.261475 
1910.947144 1910.461792 1360.738647 1360.843384 
1909.534058 1908.912231 1359.331787 1359.223022 
1906.569702 1906.207397 1357.745361 1357.818359 
1905.037598 1904.831787 1356.327515 1356.369019 
1901.693359 1901.818237 1354.729736 1354.754639 
1899.529541 1900.434692 1353.230347 1353.223999 
1897.603516 1898.994995 1351.676636 1351.742676 
1895.602295 1896.028198 1349.990112 1350.152466 
1893.250366 1894.434937 1348.455322 1348.658691 
1891.174316 1892.747559 1346.847778 1346.974365 
1889.049927 1890.623291 1345.783936 1345.726807 
1887.232544 1886.765991 1344.017212 1344.029541 
1884.634521 1886.395752 1342.856689 1342.945068 
1884.054810 1884.454590 1341.237427 1341.408936 
1882.362671 1882.413574 1339.639038 1339.694092 
1879.591675 1880.324951 1338.007080 1337.959106 
1877.140991 1877.813599 1336.826172 1336.790771 
1875.409180 1875.983398 1335.056519 1335.567017 
1874.182861 1873.748901 1333.807861 1333.562500 
1871.609985 1871.023315 1332.458130 1332.227417 
1868.510498 1868.612183 1331.131104 1330.792358 
1866.468506 1867.128906 1329.057495 1329.369385 
1865.809570 1865.700562 1327.635986 1327.970459 
1863.042969 1863.169678 1326.263184 1326.678345 
1860.251343 1860.118042 1324.971313 1324.739990 
1859.507202 1858.911011 1323.689209 1323.354492 
1857.424683 1857.459106 1322.311401 1321.981201 
1854.562134 1854.734741 1320.318726 1320.723877 
1852.637329 1851.986450 1319.072754 1319.373047 
1851.220215 1850.626587 1317.745850 1317.442749 
1848.346313 1849.202515 1316.429199 1316.231567 
1846.953491 1846.382935 1314.517456 1315.017090 
1845.450806 1844.988281 1313.314087 1313.014404 
1842.500610 1843.092407 1312.021484 1311.825684 
1840.010254 1840.262085 1310.250244 1310.658447 
1839.477417 1838.234131 1309.092773 1308.905273 
1836.469360 1837.409546 1307.258057 1307.651001 
1834.895996 1834.503540 1306.015137 1306.406982 
1833.457642 1831.525146 1304.876587 1304.700684 
1829.954834 1830.393066 1303.091064 1303.386719 
1828.344482 1828.560791 1301.974365 1301.806274 
1826.419922 1825.592773 1300.222534 1300.608154 
1824.409058 1824.598511 1299.126587 1298.875122 
1823.397949 1822.141235 1297.409546 1297.702026 
1820.369019 1821.000244 1296.324463 1296.058105 
1818.076660 1818.659424 1294.606445 1294.937134 
1816.854126 1815.682129 1293.361694 1293.167358 
1813.859863 1814.800415 1292.272217 1291.958496 
1813.018555 1812.698120 1290.606323 1290.867554 
1810.397095 1811.127075 1289.416382 1289.159668 
1809.203613 1809.233643 1287.724121 1287.925415 
1807.433350 1806.281616 1286.489502 1286.217529 
1804.980103 1805.159424 1284.703491 1284.996216 
1803.038940 1802.866821 1283.448730 1283.672119 
1801.530884 1799.944214 1282.251953 1282.382935 
1799.087646 1799.116455 1280.929077 1280.527466 
1797.194702 1797.523682 1279.696777 1279.158813 
1795.703491 1794.122437 1278.334595 1277.885620 
1792.349365 1793.115112 1276.321533 1276.495605 
1791.009277 1791.712524 1275.118774 1275.051758 
1789.483643 1788.376831 1273.583740 1273.734985 
1786.616333 1787.267700 1272.267456 1272.272583 
1785.110229 1785.070923 1271.479126 1270.812744 
1783.763184 1783.902344 1270.025513 1269.444458 
1781.690796 1782.248535 1268.663208 1268.605469 
1780.455322 1779.426514 1267.105591 1267.278809 
1777.631592 1777.958740 1265.909546 1265.638550 
1775.843018 1776.617065 1264.228149 1264.218384 
1774.361572 1773.360840 1262.564209 1263.321045 
1771.559082 1772.289185 1261.796631 1261.651611 
1769.833618 1770.581055 1260.256348 1260.103149 
1768.781128 1767.362305 1258.450195 1259.191162 
1766.028320 1766.673340 1257.675415 1257.639526 
1763.931641 1764.604492 1256.126587 1256.081421 
1763.298828 1761.870117 1254.402954 1255.128540 
1760.600952 1760.185547 1253.448730 1253.354248 
1759.150757 1759.159790 1252.635132 1252.541748 
1757.472168 1756.473022 1251.009766 1250.722534 
1754.816650 1754.813965 1249.154419 1249.860962 
1753.128296 1753.815796 1248.158569 1247.999390 
1752.192871 1750.735352 1247.299316 1247.110962 
1749.583618 1749.249756 1245.522949 1245.467041 
1746.996460 1748.121216 1243.566528 1244.253784 
1746.097778 1745.536499 1242.670410 1243.354736 
1744.432617 1744.080566 1241.728394 1241.444580 
1741.886353 1742.965942 1240.766602 1240.449829 
1740.294678 1740.418701 1238.708984 1239.380615 
1738.939453 1737.892700 1237.564941 1238.233032 
1736.435059 1737.063843 1236.103149 1236.766968 
1734.947876 1735.385376 1234.793457 1235.453613 
1733.949829 1732.485596 1233.424438 1234.080811 
1731.482666 1731.934570 1232.967773 1232.467529 
1729.034058 1730.021729 1231.815674 1231.038818 
1727.277588 1727.576904 1230.390869 1229.572510 
1726.198120 1725.150635 1228.928467 1228.314331 
1723.796021 1723.977173 1227.673706 1227.357910 
1723.000610 1722.738892 1225.875366 1226.511230 
1721.404541 1719.947021 1224.300537 1224.932495 
1718.656006 1719.264526 1224.100708 1223.954956 
1716.348633 1717.581909 1222.368774 1222.995605 
1715.777832 1715.228516 1220.653809 1221.276367 
1714.043701 1713.419312 1219.901245 1219.734253 
1711.775757 1712.523560 1218.576904 1219.194336 
1710.544678 1710.252075 1217.269043 1217.383911 
1709.139648 1707.983398 1216.771118 1216.257935 
1707.279907 1705.747437 1214.589233 1215.196777 
1704.693481 1705.333984 1213.680664 1213.291382 
1702.495117 1703.149658 1212.688599 1212.682861 
1701.630737 1701.320435 1210.739014 1211.337036 
1700.306763 1700.035645 1210.250122 1209.913086 
1697.779663 1698.774658 1208.773193 1209.366577 
1695.995850 1696.611450 1207.413208 1207.371704 
1694.817383 1694.458374 1206.783325 1206.428955 
1693.520874 1691.971558 1204.769775 1205.353394 
1691.400269 1691.305908 1204.088623 1204.395508 
1689.312744 1690.218384 1202.425781 1203.003784 
1687.240234 1687.786743 1201.459595 1201.866943 
1685.501709 1685.702393 1200.415039 1200.988159 
1684.737183 1683.647583 1199.492554 1198.959595 
1683.092651 1683.010254 1198.391357 1197.943970 
1681.065063 1681.609375 1196.329834 1196.892944 
1679.046997 1679.900513 1195.729614 1195.625000 
1678.074219 1677.530151 1194.214844 1194.773071 
1676.731445 1675.531494 1193.246948 1193.638550 
1674.755371 1674.691284 1192.115967 1192.669067 
1672.803711 1673.541870 1190.806763 1190.568481 
1670.528564 1671.261353 1190.020386 1190.027222 
1668.922974 1669.316162 1188.400635 1188.134033 
1667.654541 1667.393066 1187.591675 1187.548340 
1666.376831 1666.746460 1186.604248 1186.318115 
1664.484009 1665.149292 1185.146973 1185.683472 
