0.000000 0.000000 0.000000 0.000000 
0.000000 0.000000 0.000000 0.000000 
0.000000 0.000000 0.000000 0.000000 
0.000000 0.000000 0.000000 0.000000 
0.000000 0.000000 0.000000 0.000000 
0.000000 0.000000 0.000000 0.000000 
0.000000 0.000000 0.000000 0.000000 
0.000000 0.000000 0.000000 0.000000 
0.000000 0.000000 0.000000 0.000000 
0.000000 0.000000 0.000000 0.000000 
0.000000 0.000000 0.000000 0.000000 
0.000000 0.000000 0.000000 0.000000 
0.000000 0.000000 0.000000 0.000000 
0.000000 0.000000 0.000000 0.000000 
0.000000 0.000000 0.000000 0.000000 
0.000000 0.000000 0.000000 0.000000 
0.000000 0.000000 0.000000 0.000000 
0.000000 0.000000 0.000000 0.000000 
0.000000 0.000000 0.000000 0.000000 
0.000000 0.000000 0.000000 0.000000 
1696.972656 1696.972656 1208.282471 1208.282471 
1698.486450 1698.486816 1209.269531 1209.269653 
1700.158203 1700.133057 1210.388184 1210.388184 
1701.912720 1701.898315 1211.960327 1211.960449 
1703.739258 1703.629517 1212.743408 1212.743408 
1705.309692 1705.304321 1214.525391 1214.525513 
1707.103271 1707.057617 1215.493530 1215.493652 
1708.932617 1708.891724 1216.385986 1216.385986 
1710.644531 1710.552490 1217.732300 1217.732422 
1712.454468 1712.276611 1219.116455 1219.116577 
1714.063110 1714.183716 1220.299194 1220.299316 
1715.794189 1716.014404 1221.675537 1221.675537 
1717.895142 1717.560791 1222.871094 1222.871094 
1719.514282 1719.569702 1224.072388 1224.072388 
1721.218872 1721.261108 1226.255127 1226.255005 
1722.995605 1723.038940 1226.872925 1226.879028 
1724.804077 1724.728271 1227.660034 1227.659790 
1726.626465 1726.534302 1229.278564 1229.278320 
1728.466919 1728.472656 1230.493652 1230.493408 
1730.010498 1730.014038 1231.718750 1231.718384 
1731.836914 1731.991821 1232.933716 1232.933350 
1733.724976 1733.601562 1234.351685 1234.351318 
1735.487427 1735.468140 1235.548218 1235.554565 
1737.238525 1737.316895 1236.807251 1236.806519 
1739.166748 1739.135986 1238.030396 1238.029541 
1740.966797 1740.810547 1239.456299 1239.455322 
1742.741211 1742.637817 1240.698608 1240.697632 
1744.633179 1745.038208 1242.146484 1242.145386 
1746.535156 1746.346802 1243.396973 1243.395752 
1748.436401 1748.259766 1244.656006 1244.654663 
1750.356567 1750.165649 1245.912598 1245.911133 
1752.372314 1752.090576 1247.352051 1247.350586 
1753.674194 1754.110718 1248.735840 1248.734131 
1755.562012 1756.017334 1249.915771 1249.914062 
1757.769897 1757.885620 1251.252808 1251.250977 
1759.270264 1759.522705 1252.382202 1252.380371 
1761.309937 1761.580200 1254.584473 1254.582642 
1763.280884 1763.072876 1255.690796 1255.688843 
1765.189575 1765.049805 1256.802124 1256.800293 
1766.782593 1766.964966 1257.918457 1257.916504 
1768.777832 1769.125000 1259.209106 1259.207153 
1770.776489 1770.566650 1261.430176 1261.428345 
1772.766724 1772.573608 1262.701416 1262.699585 
1774.819458 1774.570435 1263.600464 1263.598633 
1776.286621 1776.631226 1264.994629 1264.992676 
1778.291626 1778.644531 1266.011353 1266.009521 
1780.140015 1780.115845 1267.933716 1267.931885 
1782.152588 1781.970459 1269.035156 1269.033081 
1784.010620 1783.990112 1270.722778 1270.720581 
1785.952515 1785.854492 1271.644653 1271.642334 
1787.969482 1787.803711 1272.712646 1272.710205 
1789.815186 1789.827271 1274.552368 1274.549438 
1791.782959 1791.680786 1275.475952 1275.472778 
1793.649780 1793.654907 1277.484863 1277.481079 
1795.595947 1795.529297 1278.260376 1278.256470 
1797.394287 1797.481934 1279.504883 1279.500732 
1799.346313 1799.814331 1281.380127 1281.375366 
1801.301147 1801.622559 1282.315308 1282.310425 
1803.596680 1803.207642 1284.363892 1284.358398 
1805.432251 1805.510498 1285.164185 1285.158691 
1807.389282 1807.354248 1287.321533 1287.315674 
1809.227783 1809.319458 1288.401245 1288.395264 
1811.266357 1811.166870 1289.767944 1289.761719 
1813.284790 1813.213257 1291.050293 1291.044067 
1815.365112 1815.241577 1292.395264 1292.388794 
1816.978149 1817.330933 1293.770264 1293.763794 
1819.251221 1818.952393 1295.413452 1295.406982 
1820.973999 1821.235352 1296.843140 1296.836548 
1823.093262 1822.966309 1298.523193 1298.516602 
1825.055908 1825.093750 1299.742432 1299.735840 
1826.911499 1827.052734 1301.473389 1301.466797 
1829.036133 1829.511963 1302.961914 1302.955322 
1831.385498 1830.961792 1303.619995 1304.697144 
1833.097656 1833.248657 1304.703735 1305.147583 
1835.555542 1834.911621 1306.201294 1306.194702 
1837.078735 1837.301636 1307.703247 1307.696533 
1839.024048 1839.866455 1309.461182 1309.454468 
1841.688965 1841.368042 1311.225220 1311.218262 
1843.350952 1843.320312 1312.741455 1312.734497 
1844.999268 1844.984375 1314.261475 1314.254272 
1847.738159 1847.638794 1315.785278 1315.777954 
1849.297119 1849.480835 1317.313232 1317.305786 
1851.306641 1851.120972 1319.101318 1319.093750 
1853.549072 1853.299561 1320.198242 1320.196045 
1855.711548 1855.237915 1320.638306 1320.630615 
1857.453857 1857.217529 1322.650757 1322.648804 
1859.556885 1859.945312 1323.723022 1323.715088 
1861.555298 1862.068848 1325.270752 1325.262695 
1864.733765 1864.088013 1326.822144 1326.814087 
1865.753662 1865.426147 1328.377563 1328.369507 
1867.953247 1868.315186 1329.915649 1329.907593 
1870.111938 1869.505615 1331.471558 1331.463623 
1871.915405 1871.662231 1333.024292 1333.016235 
1874.072510 1874.400513 1334.551880 1334.543945 
1876.097656 1876.484131 1336.338745 1336.330811 
1878.348389 1878.415283 1337.874390 1337.866577 
1880.653687 1880.530396 1339.413574 1339.405884 
1882.993042 1882.691772 1340.956177 1340.948608 
1884.078003 1884.908813 1341.743530 1341.384399 
1886.257568 1886.799927 1342.759888 1342.752563 
1888.611328 1889.252075 1344.766113 1344.763672 
1890.612427 1890.292236 1345.862427 1345.855225 
1892.903931 1893.474365 1347.419067 1347.412109 
1895.128784 1894.533081 1349.239258 1349.232300 
1897.102661 1896.814331 1350.787720 1350.781006 
1898.789307 1898.900146 1352.354004 1352.347290 
1901.351440 1901.632446 1354.185791 1354.178955 
1903.035156 1903.619629 1355.759277 1355.752441 
1905.638306 1905.625244 1356.191284 1356.187500 
1907.606079 1907.624512 1357.620972 1357.613647 
1909.453491 1909.615845 1359.230225 1359.222534 
1912.413452 1911.444946 1360.857666 1360.849487 
1914.465576 1914.191895 1362.760620 1362.751953 
1916.217773 1916.186523 1364.668335 1364.658691 
1918.138794 1918.185669 1366.314453 1366.304199 
1920.384277 1920.041138 1367.978882 1367.968140 
1922.484131 1922.061401 1368.248657 1368.243652 
1924.265991 1925.064331 1369.944824 1369.932983 
1926.538452 1926.826172 1371.640625 1371.628052 
1928.543579 1929.092896 1373.340576 1373.327271 
1930.721069 1931.115234 1375.044800 1375.030518 
1932.888794 1933.333618 1376.752808 1376.737549 
1934.922607 1935.563110 1378.472534 1378.456421 
1937.127930 1937.667603 1380.219849 1380.202881 
1940.146606 1939.952515 1380.562134 1380.555908 
1941.520142 1942.024292 1382.568481 1382.550171 
1943.583618 1944.447388 1384.347778 1384.328735 
1946.758057 1946.524902 1386.154297 1386.134399 
1947.999390 1948.457153 1387.980469 1387.959961 
1950.139160 1950.915771 1387.980225 1387.973877 
1952.489502 1953.042847 1389.810425 1389.789307 
1954.895508 1955.387939 1391.958008 1391.936157 
1957.313965 1956.477051 1393.807861 1393.785522 
1959.537231 1958.682983 1395.665649 1395.643066 
1961.999390 1961.262817 1396.207275 1396.074829 
1963.147461 1963.492920 1397.827759 1397.804932 
1965.623779 1965.918457 1399.682617 1399.659546 
1967.970459 1968.356567 1401.537231 1401.514038 
1970.509399 1970.657959 1403.399414 1403.376465 
1971.907349 1972.000610 1403.930542 1403.868530 
1974.488770 1974.510620 1405.572388 1405.549561 
1977.099976 1977.034668 1407.442749 1407.420044 
1978.314941 1979.593262 1409.312134 1409.289795 
1980.557495 1980.786011 1411.184326 1411.162231 
1983.215332 1982.991333 1412.754761 1412.732910 
1986.107544 1985.615723 1413.149902 1413.144043 
1987.356934 1988.479980 1414.944702 1414.923340 
1990.145142 1989.720947 1416.816284 1416.795166 
1992.719116 1992.495239 1419.011353 1418.990723 
1994.018921 1995.058716 1419.464600 1419.950073 
1996.672974 1996.355835 1420.870605 1420.850342 
1998.468018 1999.001343 1422.755981 1422.736084 
2001.237671 2000.789429 1424.643066 1424.623413 
2002.884766 2003.541382 1426.846191 1426.826782 
2005.807861 2005.171021 1427.322510 1427.795288 
2007.301758 2008.054199 1428.736328 1428.716797 
2010.635986 2009.524292 1430.628174 1430.608521 
2012.190063 2012.800049 1432.837402 1432.817505 
2013.747925 2014.326904 1434.732544 1434.712402 
2016.942505 2015.855591 1436.360229 1436.355347 
2018.569824 2018.984497 1436.621216 1436.600586 
2020.200928 2020.578003 1438.511719 1438.490723 
2023.762817 2023.779785 1440.379395 1440.357910 
2025.725342 2025.658569 1442.549194 1442.527222 
2027.427002 2027.584106 1444.093994 1444.071655 
2029.129639 2029.256226 1444.386841 1444.382446 
2033.133667 2032.896240 1446.567505 1446.544312 
2034.872681 2034.887451 1448.374268 1448.350464 
2036.614502 2036.610718 1450.189697 1450.165283 
2038.388794 2038.340942 1452.298706 1452.273438 
2042.322021 2041.909912 1452.989258 1452.628906 
2044.131714 2044.038940 1454.106812 1454.080811 
2045.984863 2045.852905 1456.216431 1456.189453 
2047.518066 2047.710693 1457.681763 1457.654053 
2049.709229 2049.248535 1460.034790 1460.005615 
2051.590820 2053.341553 1461.483398 1461.453491 
2055.420410 2055.247314 1463.475952 1463.444702 
2057.684570 2057.198242 1464.086060 1463.838257 
2059.313232 2059.480713 1465.417480 1465.384888 
2061.593994 2061.121826 1467.061035 1467.027222 
2063.878662 2063.420654 1468.691040 1468.656128 
2065.844238 2065.724854 1470.303589 1470.267334 
2067.823242 2067.703857 1472.136353 1472.098633 
2070.146240 2069.693848 1473.680176 1473.641235 
2072.145752 2072.026611 1475.461182 1475.420776 
2074.139160 2074.033936 1476.953979 1476.912354 
2077.710693 2078.043945 1478.605225 1478.562012 
2078.500732 2080.402100 1479.973267 1479.928589 
2082.925293 2082.430420 1482.401489 1482.353760 
2084.949951 2084.824707 1483.469971 1483.421021 
2086.990967 2086.846436 1485.499390 1485.446655 
2089.025146 2088.881104 1486.309570 1486.255127 
2091.082520 2090.907959 1488.397217 1488.142700 
2093.490967 2092.957275 1490.091309 1489.836548 
2095.546875 2095.355225 1491.252319 1491.534912 
2097.593750 2097.401367 1492.875000 1493.162720 
2100.003906 2099.437500 1494.503540 1494.971802 
2102.091309 2101.834229 1496.312744 1496.057129 
2103.798340 2103.910156 1498.122437 1497.866577 
2106.220215 2106.739258 1499.208252 1499.494995 
2108.657959 2108.012451 1500.837280 1501.214111 
2110.770020 2110.435059 1502.541870 1502.823242 
2112.885254 2112.531738 1504.241699 1504.512817 
2115.008789 2116.738525 1505.902100 1506.244019 
2117.517822 2118.873047 1507.613770 1507.356323 
2119.666016 2119.229004 1509.239380 1508.981567 
2121.826416 2123.506104 1510.769653 1510.511597 
2124.352539 2126.015137 1512.395142 1512.136841 
2126.159424 2127.809814 1513.929810 1514.270142 
2128.688721 2130.322510 1515.555420 1515.809570 
2131.223389 2132.842773 1517.094604 1517.434082 
2133.399170 2135.005615 1518.804932 1519.058838 
2135.576172 2137.168945 1520.409912 1520.572632 
2137.757324 2139.337402 1521.923706 1522.161621 
2139.942139 2141.509521 1523.492798 1523.795898 
2142.129639 2143.682373 1525.584473 1525.324219 
2144.319824 2145.861572 1527.112671 1526.852173 
2146.514893 2148.045410 1528.640869 1528.379883 
2149.080811 2150.598389 1530.087402 1530.389038 
2151.294678 2152.803467 1531.695312 1531.916260 
2153.869385 2155.369141 1533.221924 1533.442139 
2156.081543 2157.572510 1535.220093 1534.958130 
2158.295410 2159.778320 1536.700195 1536.900024 
2160.883301 2162.356445 1538.207397 1538.446167 
2162.735352 2164.201416 1539.812256 1540.147949 
2165.328125 2166.786133 1541.454834 1541.720947 
2167.553711 2169.008789 1543.038940 1543.396606 
2170.152832 2170.433838 1544.836548 1544.573242 
2172.382324 2171.605957 1546.599365 1546.335571 
2174.614258 2176.067139 1548.312866 1548.048828 
2177.220703 2176.672852 1549.584595 1549.918701 
2179.468018 2178.675293 1551.484863 1551.220093 
2181.703369 2180.924805 1552.816772 1553.170898 
2184.317139 2183.166504 1554.801392 1554.536133 
2186.559814 2185.786133 1556.104736 1556.606445 
2189.176758 2188.032227 1557.530151 1557.934326 
2191.435547 2190.655518 1559.423340 1559.157471 
2194.070801 2192.918945 1560.846191 1561.544800 
2196.343994 2195.561523 1562.417725 1563.029907 
2198.623047 2197.842285 1564.069702 1564.593384 
2200.926514 2200.127930 1565.833496 1566.429321 
2201.512939 2202.437988 1567.740845 1567.480225 
2203.641846 2205.163818 1569.631836 1569.373535 
2206.361816 2207.896240 1570.774414 1570.517456 
2208.697266 2210.239014 1572.830444 1572.575806 
2211.034424 2210.950928 1573.876587 1574.677246 
2213.374512 2212.583252 1575.988403 1575.737549 
2216.109131 2214.931885 1578.298950 1578.050415 
2218.514160 2217.673096 1579.372070 1579.124634 
2221.335449 2220.082764 1580.261963 1581.466431 
2223.758545 2222.909424 1582.813599 1582.568115 
2223.986572 2225.335449 1583.905273 1583.659912 
2226.597656 2228.178223 1586.041626 1585.796021 
2229.060303 2230.642090 1587.118530 1586.872070 
2231.539307 2232.104248 1588.381714 1589.221924 
2234.029785 2233.121094 1590.731567 1590.481079 
2236.533447 2235.610840 1591.953857 1591.701172 
2239.461182 2238.114990 1593.860718 1593.603149 
2241.970703 2241.039307 1594.795166 1595.137451 
2244.231934 2243.545654 1596.837524 1596.562378 
2244.481445 2246.054688 1598.152100 1598.675903 
2247.438477 2247.691406 1599.854492 1600.766235 
2250.000732 2249.009277 1602.176147 1601.881226 
2252.539551 2251.566406 1603.372559 1603.076172 
2255.103027 2254.103027 1604.860107 1604.562744 
2256.033203 2256.665771 1606.188354 1607.232910 
2258.103027 2259.659424 1608.869263 1608.571533 
2260.668945 2262.222656 1609.754883 1609.457520 
2263.247803 2263.862305 1611.490479 1611.732300 
2265.843750 2264.799805 1613.118774 1612.822998 
2268.869629 2267.390625 1614.473877 1614.178955 
2269.738037 2270.412354 1616.048462 1615.754883 
2271.898438 2273.437988 1617.370972 1618.593628 
2274.064941 2275.601074 1618.884399 1619.874146 
2277.097412 2276.638428 1621.415283 1621.127808 
2280.143066 2278.625488 1622.459839 1622.173950 
2282.781738 2281.666748 1624.133179 1623.850098 
2283.485596 2284.301025 1626.648804 1626.370605 
2285.420898 2286.932861 1627.708862 1627.432861 
2288.095703 2288.531494 1629.422119 1629.149536 
2291.217285 2289.602295 1630.506348 1630.235962 
2293.894775 2292.719482 1631.833862 1633.103271 
2295.349609 2295.389404 1633.367920 1634.664551 
2297.016357 2298.505127 1634.926270 1636.006592 
2299.698730 2299.967529 1637.609253 1637.352295 
2302.389160 2301.183838 1638.732056 1638.476807 
2304.360840 2303.867432 1640.308716 1640.055664 
2305.520996 2306.994629 1641.890015 1641.639160 
2307.780518 2309.252197 1643.218750 1642.969238 
2310.938477 2310.712646 1644.570435 1645.449463 
2313.194824 2312.408203 1647.231201 1646.984009 
2316.354248 2314.663818 1648.539429 1648.291870 
2316.958740 2317.826416 1649.848877 1649.600342 
2319.086670 2320.562988 1651.316772 1651.065918 
2321.829346 2322.466064 1652.504395 1653.514648 
2324.583008 2323.307617 1654.640869 1654.381226 
2327.360840 2326.066895 1655.850342 1656.607788 
2328.787354 2328.851562 1658.070801 1657.797852 
2330.138916 2331.633057 1659.095581 1660.010986 
2332.914795 2332.136719 1661.321289 1661.035522 
2336.177490 2334.414551 1662.524414 1662.234497 
2337.593506 2337.685791 1664.585083 1664.289917 
2338.989746 2340.503418 1665.796631 1665.499878 
2341.824219 2342.472656 1666.836182 1667.580322 
2344.171387 2343.343506 1668.918823 1668.623291 
2346.468750 2345.696777 1669.960693 1670.710693 
2347.956055 2349.488281 1672.217529 1671.928955 
2350.324219 2351.862305 1673.259888 1674.195312 
2353.639160 2352.413086 1675.524658 1675.244873 
2354.559326 2355.185791 1676.398804 1677.350830 
2356.943848 2358.499268 1678.504150 1678.231079 
2359.781494 2359.089600 1679.902832 1679.632324 
2362.145752 2361.344482 1680.962524 1681.934326 
2364.097900 2363.714844 1683.265503 1682.999512 
2365.453857 2367.033691 1684.331055 1684.065918 
2368.286133 2367.853760 1686.644409 1686.380005 
2371.587158 2369.874023 1687.714111 1687.449585 
2373.034668 2373.186035 1688.827271 1689.665405 
2374.414551 2376.023926 1691.215088 1690.948486 
2377.241211 2376.783447 1692.343140 1692.075317 
2380.064697 2378.858887 1693.452026 1694.482910 
2381.980469 2381.690674 1695.888916 1695.616455 
2382.896973 2384.532471 1697.026123 1696.751831 
2385.719971 2385.720215 1698.165527 1699.180298 
2388.069336 2387.361328 1700.457764 1700.210327 
2391.352295 2389.716553 1701.512329 1701.284180 
2392.455322 2393.009521 1703.917358 1703.719360 
2394.639648 2394.463867 1704.818237 1704.620972 
2397.453613 2396.302490 1706.182983 1705.985229 
2398.436035 2399.122070 1708.476196 1708.278076 
2400.274658 2401.949463 1709.937866 1709.739990 
2403.097168 2403.209961 1711.386841 1711.189453 
2406.374512 2404.777344 1712.618042 1712.420898 
2407.336426 2408.057373 1713.849243 1713.652954 
2409.645996 2409.743408 1715.069214 1716.305298 
2412.460449 2411.333008 1717.710815 1717.516846 
2415.260986 2414.152344 1719.145874 1718.952881 
2416.034424 2416.954834 1720.140015 1719.947754 
2418.059082 2418.147461 1721.755249 1721.564087 
2420.850342 2419.753906 1722.944458 1722.754272 
2423.038818 2422.550781 1725.348267 1725.159790 
2424.117188 2425.821533 1726.738647 1726.551514 
2426.917725 2427.316650 1727.956665 1727.770386 
2429.698242 2428.621582 1729.374268 1729.189087 
2430.772217 2431.407471 1730.573364 1730.389526 
2432.940186 2432.830566 1733.056274 1732.874634 
2435.719238 2434.654785 1734.505127 1734.324829 
2438.515869 2437.434326 1735.734131 1735.555054 
2439.926758 2440.231201 1737.208984 1737.031494 
2441.759033 2441.489014 1738.463745 1738.287476 
2444.553223 2443.477539 1739.920288 1739.745483 
2447.318848 2446.270508 1741.178345 1741.004639 
2448.336426 2449.031494 1742.660522 1742.488281 
2450.082520 2450.329834 1744.992432 1744.822144 
2453.304443 2451.789795 1746.277222 1746.107788 
2454.962402 2455.008057 1747.551636 1747.383301 
2456.521729 2456.742920 1749.051147 1748.883667 
2459.276123 2458.215088 1750.540283 1750.373413 
2462.026611 2460.960938 1752.064697 1751.898682 
2463.228271 2463.704346 1753.365967 1753.200317 
2464.786621 2465.205078 1754.702271 1754.536987 
2467.529541 2466.454834 1756.275269 1756.110352 
2469.586670 2469.187988 1757.387939 1758.787598 
2470.722412 2472.372314 1758.951904 1760.138794 
2473.003662 2472.879395 1761.671875 1761.508057 
2476.191406 2474.644043 1763.059204 1762.895508 
2477.377197 2477.817871 1763.370850 1764.758545 
2478.915039 2480.531250 1764.921631 1766.170776 
2481.637451 2481.374023 1766.333618 1767.629761 
2484.358154 2483.241699 1767.791992 1768.326782 
2485.465332 2485.947266 1769.494385 1769.332886 
2487.522461 2487.034424 1770.988770 1770.828125 
2490.231689 2489.094482 1772.518311 1772.358521 
2492.937988 2491.790283 1774.059448 1773.900757 
2493.106934 2494.481201 1775.635254 1775.477539 
2495.638916 2497.161865 1777.500610 1777.344482 
2498.335449 2499.125977 1779.099487 1778.944702 
2500.160400 2499.842041 1780.698120 1780.544434 
2501.477051 2502.966797 1781.592896 1782.167725 
2504.164795 2503.420410 1782.319946 1782.584839 
2506.847656 2505.637451 1783.976562 1783.825684 
2508.706543 2508.302979 1785.644531 1785.494873 
2509.549072 2510.989014 1787.311646 1787.163452 
2512.225098 2512.307129 1788.989868 1788.843018 
2514.894287 2513.646484 1789.656738 1790.800049 
2517.161133 2516.299316 1790.945435 1791.041870 
2517.556152 2518.947998 1792.946045 1792.802002 
2520.659912 2520.238281 1794.679565 1794.536621 
2522.873291 2522.032715 1796.411743 1796.269897 
2525.520996 2524.230469 1796.638550 1796.651001 
2526.423828 2526.859863 1798.431030 1798.290283 
2528.603760 2528.002441 1800.471436 1800.331543 
2530.045654 2529.926270 1802.233398 1802.094116 
2531.678955 2532.983887 1802.687378 1802.699585 
2534.305420 2535.002686 1803.994019 1803.855225 
2536.928467 2535.594238 1805.787231 1805.648926 
2539.456543 2538.201660 1807.613281 1807.475098 
2539.546143 2540.803223 1808.243164 1808.254761 
2542.591309 2542.653564 1809.764160 1809.625977 
2545.192871 2543.828125 1811.585205 1811.447021 
2547.416504 2546.417480 1813.449829 1813.311646 
2547.790283 2549.002441 1813.770508 1814.848511 
2550.384521 2549.947021 1814.986938 1815.571655 
2551.758545 2551.577148 1817.184082 1817.045532 
2553.402100 2554.574463 1818.506836 1818.925659 
2555.982910 2555.385254 1819.064453 1819.735474 
2558.131104 2557.138428 1820.953857 1820.814941 
2560.701172 2559.272705 1822.886475 1822.747192 
2561.701172 2561.826660 1823.887207 1823.934204 
2563.262939 2564.373535 1825.138916 1824.999512 
2566.248291 2565.076416 1826.753418 1826.613770 
2567.563965 2567.341553 1828.360718 1828.370850 
2568.801025 2569.874756 1829.010254 1828.870361 
2571.344238 2572.399414 1831.263062 1831.123291 
2573.883789 2572.718506 1831.521729 1831.531616 
2574.648682 2574.923584 1833.191284 1833.051147 
2576.415771 2577.438965 1835.127319 1834.987427 
2578.949219 2579.956299 1836.369873 1836.440063 
2581.467041 2581.683838 1837.391479 1837.251587 
2583.044922 2582.460205 1839.331299 1839.191895 
2583.989990 2584.966553 1839.596680 1839.606079 
2586.925049 2586.369873 1841.256226 1841.116821 
2589.422852 2587.877441 1843.188599 1843.049683 
2591.047119 2590.356201 1843.883057 1843.802979 
2591.913818 2592.830811 1845.446533 1845.307861 
2593.997559 2594.898926 1847.382568 1847.244263 
2596.887451 2595.510254 1848.473999 1848.482544 
2598.064941 2597.769775 1849.664673 1849.526978 
2599.356934 2600.226074 1851.116821 1851.444092 
2602.266846 2602.136719 1851.581177 1852.136963 
2602.924805 2603.114990 1853.505493 1853.369019 
2604.744629 2605.573486 1854.828369 1855.278564 
2607.204590 2608.014648 1855.414429 1856.380493 
2609.671143 2609.057617 1857.342163 1857.206787 
2611.614746 2610.462158 1858.575073 1858.493042 
2612.107910 2612.879883 1859.589111 1859.454712 
2614.950439 2613.760742 1861.496216 1861.362549 
2616.341309 2615.702148 1862.020752 1862.028198 
2617.795654 2618.531738 1863.387939 1863.255005 
2620.208252 2620.595947 1865.608765 1865.476562 
2621.405762 2620.928223 1866.552856 1866.612549 
2622.623779 2623.327393 1867.525024 1867.393433 
2625.040771 2625.732422 1869.083252 1868.952393 
2627.440674 2627.016113 1870.209473 1870.216309 
2629.637695 2628.118164 1871.288940 1871.158936 
2629.853760 2630.515137 1872.833008 1873.371338 
2632.637939 2631.626221 1873.500366 1873.681030 
2635.021484 2633.287354 1875.409424 1875.281006 
2636.712158 2635.659424 1875.878662 1875.885132 
2637.396240 2638.021973 1877.313721 1877.186401 
2639.757080 2639.152344 1879.219360 1879.092651 
2640.937500 2640.375488 1879.864502 1879.919800 
2642.511230 2643.121338 1881.462402 1881.336548 
2644.459961 2645.062500 1883.373291 1883.248291 
2647.209717 2647.038574 1884.303833 1884.309692 
2647.554199 2647.804199 1885.289673 1885.165527 
2649.526123 2650.115723 1886.068481 1886.936401 
2652.249023 2651.199219 1887.519043 1887.395630 
2654.115234 2652.831299 1889.106934 1888.984009 
2654.555664 2655.130859 1889.420410 1889.426025 
2656.853271 2657.424561 1891.323730 1891.201782 
2659.153076 2658.059570 1892.784668 1892.790039 
2660.605469 2659.719727 1893.533691 1893.412598 
2661.799561 2662.357910 1895.421997 1895.301514 
2664.059814 2664.194336 1895.717773 1895.722778 
2665.006348 2664.614258 1897.304565 1897.184692 
2666.311768 2666.861816 1899.181519 1899.062256 
2668.577148 2669.119629 1899.708130 1899.615112 
2670.832031 2670.951660 1901.052368 1900.933960 
2671.458252 2671.369385 1901.723999 1901.728638 
2673.436035 2673.969482 1902.916992 1902.799194 
2676.023926 2674.967041 1904.775635 1904.658691 
2677.404785 2676.552490 1905.398438 1905.437012 
2678.232422 2678.757568 1906.627930 1906.511597 
2680.442871 2680.965576 1907.921021 1907.925171 
2681.370117 2681.271484 1908.780640 1908.664917 
2682.666504 2683.187256 1910.629028 1910.513916 
2684.869141 2685.388184 1911.700439 1911.704346 
2687.421143 2687.514648 1912.764404 1912.650024 
2687.596436 2687.939697 1913.713379 1913.621582 
2689.593994 2690.114258 1914.586914 1914.473145 
2691.767334 2692.287354 1916.401978 1916.289062 
2693.755371 2693.709473 1916.893433 1916.938110 
2694.276367 2694.794922 1918.510620 1918.398315 
2696.074951 2696.594727 1920.010132 1919.898560 
2698.579834 2697.586182 1920.796753 1920.840210 
2699.837158 2699.099609 1922.101196 1921.990112 
2700.711426 2701.231201 1923.180420 1923.223267 
2702.812500 2703.335693 1923.885254 1923.774780 
2703.950928 2703.662842 1925.513672 1925.547363 
2705.270508 2705.796387 1925.957031 1925.847290 
2707.353516 2707.880615 1927.724487 1927.615356 
2708.538818 2709.354980 1928.605225 1928.523071 
2709.755615 2710.287354 1929.484009 1929.375488 
2711.483887 2712.018311 1930.942017 1930.973633 
2713.905029 2713.427734 1931.527344 1931.419189 
2714.656982 2714.439941 1933.279907 1933.172241 
2716.298096 2716.834473 1933.992798 1934.021240 
2717.981934 2718.520264 1935.014648 1934.907593 
2720.349609 2719.308105 1935.713867 1935.716797 
2721.678711 2720.886963 1937.028320 1936.921631 
2722.701904 2723.235840 1938.745605 1938.639282 
2724.718506 2723.947998 1939.396851 1939.296997 
2725.618408 2725.252197 1940.738647 1940.632812 
2727.030762 2727.562744 1941.538940 1941.554199 
2729.002930 2729.031250 1942.447998 1942.342529 
2729.523682 2729.530762 1942.940308 1942.942993 
2730.980469 2731.509277 1944.429565 1944.324585 
2733.277832 2732.930420 1946.129761 1946.025146 
2735.164795 2733.812744 1946.228516 1946.230957 
2735.224609 2735.760986 1947.821289 1947.717163 
2737.184814 2737.724365 1948.770996 1948.657837 
2739.111816 2738.546143 1949.522827 1949.419067 
2740.731689 2739.660645 1950.823120 1950.822876 
2741.357178 2741.915527 1951.518311 1951.414917 
2743.572998 2742.742676 1952.962402 1953.073608 
2744.202148 2744.136230 1953.500488 1953.397583 
2745.458496 2746.030518 1955.188599 1955.086182 
2747.344238 2747.927246 1955.873657 1955.877808 
2749.202881 2748.558350 1956.866455 1956.764648 
2749.624756 2749.796143 1957.982178 1957.977051 
2751.057861 2751.660400 1958.534668 1958.433228 
2753.209229 2753.219482 1959.670532 1959.672119 
2754.691406 2753.825928 1960.467407 1960.366699 
2755.052246 2755.682617 1962.158936 1962.058838 
2756.875488 2757.518799 1962.833008 1962.834473 
2758.994629 2758.538086 1964.128784 1964.029541 
2760.249023 2759.655518 1964.734131 1964.723877 
2760.504150 2761.178711 1965.804932 1965.706177 
2762.583252 2761.848389 1966.500122 1966.501221 
2764.377197 2763.274414 1967.755005 1967.657104 
2765.445557 2765.083252 1968.254517 1968.875732 
2766.433105 2767.011719 1969.432861 1969.335693 
2768.188721 2767.160645 1970.232544 1970.114258 
2768.689697 2768.931396 1971.107788 1971.011230 
2770.225342 2770.982422 1972.224854 1972.682983 
2771.661377 2771.824219 1972.778687 1973.438232 
2773.661133 2772.432129 1974.446167 1974.351074 
2774.118896 2774.451660 1974.892090 1974.772949 
2775.369629 2776.171631 1976.375244 1976.281128 
2777.072021 2777.092773 1976.812012 1976.693115 
2778.754150 2777.885742 1978.014526 1977.921265 
2779.302979 2779.582275 1978.887817 1978.888550 
2780.443359 2781.285889 1979.641113 1979.548584 
2782.114746 2782.012207 1980.597412 1980.579956 
2783.347900 2782.968018 1981.539185 1981.447510 
2784.057129 2784.920166 1981.906372 1981.906982 
2785.697998 2785.734131 1983.170532 1983.079590 
2786.635010 2786.571533 1984.190430 1984.173340 
2787.614746 2788.499512 1984.771240 1984.681152 
2789.240967 2789.612305 1986.003540 1985.993042 
2790.856934 2790.131836 1986.374878 1986.285767 
2791.362305 2791.754395 1987.240356 1987.793457 
2792.460938 2793.367676 1988.230591 1988.142456 
2794.333496 2794.305176 1989.134155 1989.022583 
2795.480713 2795.249268 1989.803711 1989.716431 
2796.197021 2797.120605 1990.806030 1991.283936 
2797.766846 2797.460938 1991.370605 1991.168579 
2799.311035 2798.700928 1992.930908 1992.845093 
2800.034668 2800.255615 1993.749634 1993.640137 
2801.122314 2801.165771 1993.981445 1993.981812 
2802.408447 2802.075684 1994.732422 1994.647705 
2803.602295 2803.369385 1996.000366 1995.905029 
2804.176270 2805.152100 1996.513916 1996.430054 
2805.690918 2806.439209 1997.774048 1997.690796 
2807.428223 2806.678467 1998.228149 1998.209351 
2808.224854 2808.425293 1999.284546 1999.438232 
2808.910645 2809.416260 1999.520386 1999.446777 
2810.629639 2809.916992 2000.921631 2000.902344 
2810.962158 2811.651123 2001.253784 2001.172729 
2812.094971 2812.352295 2002.099243 2002.098999 
2813.298584 2813.129395 2002.739014 2002.658936 
2814.981689 2814.341064 2003.983521 2004.128906 
2815.779297 2816.035889 2004.208252 2004.693848 
2816.405029 2816.566162 2005.683716 2005.605225 
2818.059326 2817.469238 2006.161255 2006.058350 
2819.468262 2819.132324 2006.728638 2007.203247 
2819.831055 2820.546387 2007.383789 2007.306396 
2821.092041 2820.681641 2008.205688 2008.185547 
2822.465332 2822.179688 2008.822876 2008.746460 
2823.182617 2823.563232 2009.651978 2009.631592 
2823.837891 2824.710449 2010.480713 2010.405273 
2825.430420 2824.942139 2011.091919 2011.546387 
2826.769775 2826.539062 2011.887085 2011.812500 
2827.345459 2827.402100 2012.663574 2012.563721 
2827.873535 2827.884521 2013.279785 2013.206177 
2829.416748 2828.993164 2014.051392 2014.029175 
2829.993408 2830.539795 2014.881958 2014.809448 
2830.955566 2831.258057 2015.319946 2015.319580 
2832.036621 2832.081055 2016.024048 2015.952271 
2833.536133 2833.165771 2016.921387 2016.907959 
2834.222412 2833.847900 2017.599121 2017.528442 
2835.019531 2834.670898 2018.330811 2018.641968 
2836.281006 2836.157715 2018.711792 2019.260010 
2837.281494 2837.421875 2019.718994 2019.697388 
2837.537598 2837.921143 2020.249146 2020.180176 
2838.774414 2838.683838 2021.086182 2021.058105 
2839.986084 2839.928467 2021.560181 2021.491943 
2841.182129 2841.147705 2022.069946 2022.069336 
2841.999268 2841.486816 2022.859131 2022.791992 
2842.566406 2842.352051 2023.676636 2023.651367 
2843.741455 2843.753906 2024.145996 2024.079590 
2844.386719 2844.468506 2024.917480 2024.886108 
2844.891113 2844.953125 2025.426147 2025.360718 
2846.218506 2846.130859 2026.273071 2026.173584 
2847.131104 2846.807373 2026.686768 2026.622192 
2847.537354 2847.488281 2027.463745 2027.430176 
2848.639404 2848.839600 2027.928223 2027.864624 
2849.736084 2849.972900 2028.392456 2028.392090 
2850.827148 2850.255859 2029.363892 2029.301270 
2851.101562 2851.095459 2029.852539 2029.821899 
2851.909424 2852.206543 2030.580200 2030.518311 
2853.148193 2853.310303 2030.724609 2030.723999 
2854.020508 2853.879883 2031.787720 2031.726929 
2854.452393 2854.581543 2032.229004 2032.192383 
2855.058105 2855.479492 2032.771851 2032.711792 
2856.251465 2856.545166 2033.389893 2033.352173 
2857.265869 2857.312988 2033.812256 2034.133789 
2858.047119 2857.770264 2034.328857 2034.270020 
2858.262939 2858.816162 2034.876099 2035.228516 
2859.255859 2859.381592 2035.286499 2035.541504 
2860.235107 2859.846191 2036.059937 2036.059326 
2861.037598 2860.868408 2036.602905 2036.545898 
2861.359375 2861.871094 2037.296021 2037.255981 
2862.302979 2862.315430 2037.885620 2037.829712 
2863.387939 2863.022949 2038.411133 2038.370850 
2864.060791 2863.995850 2038.966675 2038.911865 
2864.303955 2864.535156 2039.390625 2039.349609 
2865.356445 2865.119629 2039.851562 2039.797485 
2866.248047 2866.070068 2040.404541 2040.362915 
2866.819092 2866.880127 2040.775757 2041.012939 
2867.125000 2867.161133 2041.066040 2041.311646 
2868.137207 2868.083740 2041.773560 2042.031738 
2868.992676 2868.990967 2042.083862 2042.339355 
2869.489990 2869.416016 2042.682373 2042.640259 
2869.845947 2870.033691 2043.244629 2043.193848 
2870.682617 2870.910645 2043.629883 2043.883545 
2871.640869 2871.203125 2044.216675 2044.166870 
2872.298828 2871.783691 2044.601074 2044.847534 
2872.844238 2872.644775 2045.167603 2045.118774 
2873.196289 2873.644287 2045.458374 2045.698364 
2874.081299 2873.717285 2046.097290 2046.049561 
2874.698486 2874.337158 2046.575562 2046.574707 
2875.541748 2875.285400 2047.010010 2046.963257 
2876.007812 2875.828125 2047.425171 2047.340942 
2876.259033 2876.221680 2047.897095 2047.851440 
2877.095703 2876.877197 2047.973511 2047.972900 
2877.695068 2877.775635 2048.620117 2048.575195 
2878.148682 2878.443604 2049.083984 2049.041260 
2878.529541 2878.537354 2049.607422 2049.563721 
2879.355957 2879.414795 2049.877930 2049.838379 
2880.062012 2880.033447 2050.366211 2050.326904 
2880.754883 2880.655762 2050.565918 2050.523193 
2881.180420 2880.883545 2051.169678 2051.087646 
2881.447510 2881.714111 2051.364258 2051.322754 
2882.236328 2882.108154 2051.846924 2051.845947 
2882.892090 2882.417725 2052.144775 2052.104248 
2883.088623 2883.102539 2052.593018 2052.557617 
2883.633301 2883.781006 2052.903809 2052.864502 
2884.248535 2884.031250 2053.031250 2053.030518 
2884.848145 2884.551514 2053.758057 2053.719971 
2885.193604 2885.195801 2053.904053 2054.076660 
2885.525635 2885.668213 2054.162354 2054.161621 
2886.092041 2885.932373 2054.583252 2054.546387 
2886.733154 2886.550293 2054.979004 2054.939941 
2887.272705 2887.158203 2055.270752 2055.234863 
2887.720703 2887.374268 2055.572754 2055.731201 
2887.807129 2887.849365 2055.933350 2055.898682 
2888.425293 2888.430664 2056.407959 2056.338867 
2888.958984 2888.979980 2056.574707 2056.541260 
2889.281738 2889.089111 2056.991699 2056.927246 
2889.579102 2889.640625 2057.194824 2057.162354 
2890.104492 2890.182373 2057.372314 2057.371582 
2890.708496 2890.528564 2057.894043 2057.862793 
2890.741211 2890.800049 2058.104004 2058.040283 
2891.126465 2891.320801 2058.470215 2058.440186 
2891.614746 2891.508057 2058.629883 2058.595703 
2892.174316 2891.910400 2059.022461 2058.993652 
2892.630371 2892.400635 2059.140381 2059.107422 
2892.638184 2892.960205 2059.478760 2059.420410 
2893.160889 2893.334473 2059.640137 2059.612305 
2893.598877 2893.346436 2059.949219 2059.921387 
2894.017334 2893.796143 2060.146240 2060.119629 
2894.108643 2894.306885 2060.346436 2060.345459 
2894.490234 2894.590332 2060.635742 2060.610352 
2894.885254 2894.728516 2060.927734 2060.927002 
2895.276611 2895.203857 2061.176758 2061.152588 
2895.628662 2895.603516 2061.291992 2061.291260 
2895.722656 2895.741943 2061.619873 2061.596680 
2896.094971 2895.987061 2061.738037 2061.737305 
2896.456299 2896.419678 2062.037109 2062.015137 
2896.692139 2896.514648 2062.078125 2062.077393 
2896.862549 2896.778809 2062.433105 2062.412598 
2897.145996 2897.129395 2062.595703 2062.549561 
2897.372070 2897.521240 2062.683350 2062.682617 
2897.575439 2897.665283 2062.868896 2062.849365 
2897.887451 2897.842529 2063.154541 2063.111572 
2898.180664 2898.152100 2063.275635 2063.257568 
2898.510498 2898.497070 2063.448730 2063.447754 
2898.691650 2898.641113 2063.601807 2063.584717 
2898.778076 2898.737305 2063.747314 2063.709229 
2899.037109 2899.098389 2063.906738 2063.890869 
2899.283203 2899.324951 2064.026611 2064.025879 
2899.520752 2899.358154 2064.192139 2064.177490 
2899.621826 2899.600342 2064.319092 2064.318359 
2899.784668 2899.870361 2064.455322 2064.441406 
2900.002197 2900.034180 2064.596924 2064.596191 
2900.208984 2900.086426 2064.691895 2064.723389 
2900.329346 2900.293457 2064.735596 2064.773926 
2900.436523 2900.486328 2064.918701 2064.907471 
2900.619141 2900.670166 2065.018555 2065.017822 
2900.791260 2900.774170 2065.090088 2065.140625 
2900.859375 2900.869873 2065.150635 2065.224121 
2900.978027 2901.029541 2065.285889 2065.318115 
2901.125000 2901.079346 2065.327148 2065.345215 
2901.213135 2901.176270 2065.469727 2065.475098 
2901.280518 2901.331543 2065.482910 2065.530518 
2901.401123 2901.451416 2065.580566 2065.611572 
2901.527100 2901.472412 2065.618164 2065.634521 
2901.608887 2901.559570 2065.724121 2065.723633 
2901.695801 2901.670654 2065.750000 2065.744385 
2901.704834 2901.753174 2065.812256 2065.811768 
2901.783203 2901.790283 2065.840820 2065.836182 
2901.856201 2901.833496 2065.881836 2065.894043 
2901.900635 2901.889648 2065.910889 2065.907715 
2901.913574 2901.925293 2065.946777 2065.946533 
2901.945801 2901.940674 2065.960938 2065.958740 
2901.978516 2901.967529 2065.977783 2065.977539 
2901.994629 2901.989014 2065.990479 2065.989502 
2901.999512 2901.999512 2065.999023 2065.999023 
2902.000000 2901.997803 2065.999512 2065.999756 
2901.992676 2901.994873 2065.997314 2065.997314 
2901.986328 2901.974609 2065.985352 2065.986816 
2901.970215 2901.951172 2065.974609 2065.978027 
2901.944824 2901.923828 2065.951172 2065.953369 
2901.904053 2901.903564 2065.929199 2065.929688 
2901.842773 2901.852051 2065.896240 2065.899658 
2901.805664 2901.811523 2065.876465 2065.876953 
2901.764893 2901.775879 2065.821777 2065.826172 
2901.699951 2901.698975 2065.797119 2065.782471 
2901.596680 2901.594238 2065.727539 2065.733154 
2901.513672 2901.509521 2065.680420 2065.688477 
2901.496338 2901.454834 2065.613281 2065.620117 
2901.404053 2901.399414 2065.522461 2065.523926 
2901.262939 2901.255859 2065.455322 2065.463135 
2901.107178 2901.177246 2065.402832 2065.404297 
2901.020264 2901.094727 2065.325928 2065.334717 
2900.963379 2900.970215 2065.265869 2065.267334 
2900.810547 2900.783203 2065.152832 2065.162598 
2900.648682 2900.611328 2065.085938 2065.087891 
2900.475586 2900.459717 2064.926270 2064.937256 
2900.405029 2900.419922 2064.873779 2064.842285 
2900.290039 2900.234863 2064.727783 2064.729736 
2900.060547 2899.994873 2064.673340 2064.685547 
2899.818115 2899.823730 2064.489258 2064.491699 
2899.759521 2899.778564 2064.435791 2064.448730 
2899.598877 2899.552490 2064.267090 2064.192627 
2899.327393 2899.316406 2064.178711 2064.094482 
2899.084229 2899.068604 2064.029785 2063.917725 
2898.826660 2898.839844 2063.902588 2063.778076 
2898.635498 2898.806152 2063.642578 2063.680664 
2898.562500 2898.487061 2063.556396 2063.572510 
2898.239746 2898.154297 2063.379395 2063.334961 
2897.949219 2897.979248 2063.239258 2063.256348 
2897.785645 2897.859131 2063.009277 2063.053955 
2897.602051 2897.498047 2062.903076 2062.921143 
2897.291992 2897.179932 2062.712891 2062.664307 
2896.971191 2897.017822 2062.548096 2062.567139 
2896.638672 2896.846436 2062.321777 2062.270996 
2896.581299 2896.507324 2062.110352 2062.130615 
2896.292725 2896.096191 2061.823486 2061.827393 
2895.878906 2895.900391 2061.715088 2061.736084 
2895.510742 2895.727539 2061.371338 2061.393311 
2895.152832 2895.290039 2061.294678 2061.239014 
2895.072754 2894.902344 2060.942383 2060.965088 
2894.687744 2894.806152 2060.815674 2060.758301 
2894.292236 2894.504395 2060.494873 2060.518799 
2894.055908 2894.093994 2060.212646 2060.217285 
2893.816406 2893.670898 2060.047119 2059.974854 
2893.396484 2893.166748 2059.949951 2059.794189 
2892.967529 2892.901855 2059.516602 2059.489014 
2892.457520 2892.719971 2059.463135 2059.356934 
2892.369141 2892.190186 2058.958740 2058.985352 
2891.933838 2891.725586 2058.900146 2058.905029 
2891.472412 2891.357666 2058.436279 2058.463867 
2891.007812 2891.250244 2058.351807 2058.356934 
2890.488525 2890.682129 2057.895996 2057.924561 
2890.455566 2890.181885 2057.661377 2057.738770 
2890.050293 2889.672119 2057.335449 2057.364746 
2889.472656 2889.337158 2057.169922 2057.103760 
2888.889893 2889.067627 2056.759766 2056.790283 
2888.374268 2888.447510 2056.540771 2056.474121 
2887.982178 2888.223389 2056.163818 2056.195068 
2887.846436 2887.898926 2055.690430 2055.695801 
2887.221436 2887.344482 2055.447021 2055.479248 
2886.681641 2886.682861 2055.135010 2055.140381 
2886.224854 2886.196289 2054.816406 2054.849609 
2885.800049 2885.972168 2054.471924 2054.477539 
2885.485352 2885.504395 2054.168945 2054.202881 
2884.930908 2884.808594 2053.883545 2053.889404 
2884.365234 2884.198242 2053.612793 2053.647461 
2883.800781 2883.627686 2053.281738 2053.287598 
2883.136475 2883.577881 2052.819336 2052.854736 
2883.003174 2882.843750 2052.306641 2052.448486 
2882.554443 2882.205566 2052.120850 2052.157471 
2881.957520 2881.661377 2051.733643 2051.667480 
2881.255615 2881.026367 2051.274170 2051.311523 
2880.642578 2880.774902 2050.968018 2050.902344 
2880.009277 2880.105713 2050.532227 2050.570312 
2879.804688 2879.418701 2050.183105 2050.117920 
2879.248779 2878.963135 2049.777344 2049.816406 
2878.594238 2878.726318 2049.169189 2049.176025 
2877.926758 2877.908691 2049.002197 2049.041992 
2877.242920 2877.197266 2048.468994 2048.259277 
2876.544189 2876.472412 2048.218750 2048.083740 
2876.044678 2876.100830 2047.639038 2047.646118 
2875.725830 2875.623047 2047.280273 2047.321899 
2875.017822 2874.885986 2046.787598 2046.794922 
2874.324219 2874.130127 2046.315796 2046.358276 
2873.512451 2873.822021 2045.765015 2045.949097 
2872.821045 2873.228760 2045.479370 2045.522583 
2872.135986 2872.454590 2044.935791 2045.051270 
2871.590576 2871.667725 2044.622925 2044.666870 
2871.346680 2870.872070 2044.011353 2043.790771 
2870.666504 2870.066406 2043.746094 2043.622925 
2869.850830 2869.913818 2042.858521 2042.903931 
2869.150879 2869.120605 2042.817017 2042.649048 
2868.317139 2868.290771 2041.946045 2041.992310 
2867.597412 2867.463379 2041.743042 2041.692749 
2866.875732 2867.169678 2041.055298 2040.916260 
2866.016846 2866.476318 2040.869141 2040.722412 
2865.404297 2865.620361 2039.928345 2039.976074 
2864.516357 2864.759521 2039.369385 2039.379028 
2863.860107 2863.968994 2038.972412 2039.020874 
2863.713135 2863.753174 2038.508179 2038.518188 
2862.885010 2862.882812 2038.001221 2038.050537 
2861.890381 2861.845947 2037.488281 2037.498413 
2861.039551 2860.959717 2036.846069 2036.896240 
2860.180176 2860.385010 2036.600952 2036.611206 
2859.335938 2859.901367 2036.014648 2036.065308 
2858.485840 2858.981689 2035.440186 2035.409302 
2858.457764 2858.054688 2034.814453 2034.866211 
2857.502930 2856.951660 2034.223633 2034.196533 
2856.659180 2856.169434 2033.787354 2033.839722 
2855.663818 2855.728516 2033.198730 2033.175171 
2854.797852 2855.054932 2032.555420 2032.608765 
2853.909912 2854.083740 2031.828125 2031.839966 
2853.014648 2853.113525 2031.491821 2031.546021 
2852.085938 2852.763916 2030.868408 2030.880615 
2851.729248 2851.961914 2030.413940 2030.468750 
2851.000244 2850.973389 2029.766846 2029.372192 
2850.059570 2849.964600 2029.316528 2028.927368 
2849.104980 2848.961670 2028.397339 2028.391479 
2847.993408 2847.941406 2028.032959 2028.089600 
2847.016602 2847.757324 2026.917236 2026.974487 
2846.446045 2846.746826 2026.747437 2026.760864 
2846.035400 2845.709473 2025.788086 2025.846069 
2845.054443 2844.492676 2025.564087 2025.577881 
2844.070312 2843.450195 2024.633545 2024.692261 
2843.083740 2843.392822 2023.974854 2023.986084 
2841.924561 2842.394287 2023.465576 2023.525146 
2840.927490 2841.341309 2022.909790 2022.615967 
2839.937744 2840.260986 2022.095337 2022.155884 
2838.937744 2839.006836 2021.210693 2021.225708 
2837.929932 2837.923096 2020.713623 2020.775269 
2837.050049 2837.484619 2019.955933 2019.971069 
2836.908203 2836.822021 2019.514893 2019.577148 
2835.695068 2835.536865 2018.869019 2018.884521 
2834.653320 2834.415039 2018.297363 2018.360229 
2833.430664 2833.290771 2017.054199 2017.117920 
2832.372314 2832.439941 2016.478882 2016.494751 
2831.458740 2832.163574 2015.805176 2015.869751 
2831.130371 2831.027100 2015.172119 2015.188354 
2830.041992 2829.879150 2014.336060 2014.401367 
2828.941895 2828.521240 2014.047607 2014.063965 
2827.641602 2827.349854 2013.067383 2013.133545 
2826.515137 2826.399170 2012.566040 2012.617065 
2825.394531 2826.186279 2011.780396 2011.847168 
2824.195557 2825.010254 2011.068359 2011.124023 
2824.088135 2823.834717 2010.274048 2010.341675 
2822.965088 2822.653076 2009.243774 2009.245972 
2821.833008 2821.255615 2009.177612 2008.969849 
2820.697510 2820.054443 2008.062988 2007.699707 
2819.373779 2819.137451 2007.630615 2007.330078 
2818.040039 2818.641357 2006.294922 2006.364990 
2816.897461 2817.417969 2005.485840 2005.503906 
2815.739990 2815.988770 2004.962158 2005.032715 
2815.342285 2814.743896 2004.275269 2004.293579 
2814.369385 2814.096924 2003.380005 2003.451416 
2813.183838 2813.492676 2002.851318 2002.869751 
2811.771729 2812.019531 2002.023071 2002.095337 
2810.548096 2810.746094 2001.086182 2001.165161 
2809.316162 2809.478760 2000.435059 2000.507935 
2808.084717 2808.519287 1999.276855 1999.350464 
2807.873779 2807.999023 1998.922241 1998.941650 
2806.835205 2806.722656 1997.634155 1997.708618 
2805.400879 2805.432617 1997.296753 1997.384644 
2804.157959 2804.136963 1995.984619 1996.059814 
2802.705811 2802.625732 1995.116577 1995.136597 
2801.461670 2802.031494 1994.813599 1994.889404 
2800.417480 2801.098633 1993.622925 1993.643066 
2799.168457 2799.781006 1993.147461 1993.223999 
2797.968262 2798.448975 1992.327026 1992.347412 
2797.464844 2796.887451 1991.467651 1991.545044 
2796.176514 2795.551270 1990.650757 1990.756104 
2794.682129 2794.689209 1990.006714 1990.084839 
2793.414307 2793.976074 1988.716919 1988.416870 
2792.140869 2792.617676 1988.317627 1988.396362 
2790.823486 2791.252197 1986.859619 1986.938965 
2789.513916 2789.887207 1986.458740 1986.151123 
2789.196289 2788.493164 1985.375977 1985.456299 
2787.958740 2786.876953 1984.479248 1984.605469 
2786.611328 2785.844727 1983.628174 1983.709229 
2785.043945 2785.477051 1982.576660 1982.598389 
2783.712402 2783.848145 1982.132935 1982.214966 
2782.388184 2782.456055 1980.604248 1980.687012 
2781.065186 2781.287842 1980.126953 1979.643066 
2779.739746 2779.887939 1979.082886 1979.166504 
2778.392090 2778.674316 1978.241699 1978.264404 
2776.781982 2777.983398 1977.291382 1977.375977 
2775.621338 2776.547363 1976.855713 1976.878540 
2774.335205 2774.876221 1975.504639 1975.590576 
2773.748047 2773.444092 1974.679199 1974.838745 
2772.339844 2772.005127 1973.962769 1974.049561 
2771.159180 2770.529297 1972.403809 1972.491455 
2769.506592 2769.080322 1972.138062 1971.907959 
2768.100586 2768.357422 1970.853760 1970.942139 
2766.453125 2767.378418 1969.585938 1969.609985 
2765.040771 2765.903320 1969.286987 1969.376465 
2764.619629 2764.174561 1968.157959 1968.182251 
2763.611572 2762.691406 1967.450073 1967.540771 
2761.938232 2761.202637 1965.857422 1965.948853 
2760.260986 2759.707275 1965.040894 1965.065430 
2758.805420 2759.170166 1964.265869 1964.358398 
2757.370117 2758.211670 1963.591431 1963.616089 
2755.694092 2756.710449 1962.391968 1962.485596 
2754.257080 2754.949463 1961.042358 1961.136719 
2753.032227 2753.693848 1960.428467 1960.453735 
2752.019531 2751.670898 1959.169556 1959.265137 
2751.048096 2750.141602 1958.712402 1958.737915 
2749.548096 2748.854248 1957.529785 1957.626221 
2747.796143 2747.778564 1956.191406 1956.424561 
2746.536377 2747.042480 1955.630371 1955.727905 
2744.779053 2745.489502 1953.993408 1954.091919 
2743.281250 2743.665039 1953.152222 1953.398560 
2741.771240 2742.117676 1952.076782 1952.176270 
2740.942871 2740.562988 1951.622925 1951.348877 
2740.008057 2738.746338 1950.708496 1950.808838 
2738.229980 2738.322998 1948.785400 1948.886719 
2736.692871 2736.927734 1947.743896 1947.770874 
2735.124512 2735.343262 1947.130005 1947.232422 
2733.304199 2733.768311 1945.968384 1945.995728 
2731.715820 2731.912354 1945.459351 1945.562622 
2730.149658 2730.322510 1943.791626 1943.895874 
2729.057373 2728.978760 1942.907471 1942.935181 
2728.307617 2727.395752 1942.098999 1942.204224 
2726.739502 2726.827637 1941.369019 1940.516479 
2725.175781 2725.221680 1940.410400 1939.595947 
2723.340088 2723.351807 1938.424683 1938.531982 
2721.505371 2722.002441 1937.760254 1937.788452 
2719.927490 2720.110107 1936.732544 1936.840820 
2718.608154 2718.490967 1935.586426 1935.885132 
2716.459961 2716.855957 1934.732788 1934.841919 
2715.453369 2714.953125 1933.019653 1933.129639 
2714.858398 2714.124268 1932.799927 1932.828979 
2712.973389 2713.049072 1931.300537 1931.411743 
2711.355713 2711.410645 1929.653442 1929.688599 
2709.734619 2709.745850 1929.576660 1929.313721 
2708.103271 2707.818848 1927.541016 1927.654175 
2706.200195 2706.134277 1927.184937 1926.591675 
2704.553955 2704.469727 1925.489014 1925.603271 
2702.904297 2703.260742 1924.295410 1924.616699 
2701.246582 2702.511475 1923.738647 1923.853882 
2700.550781 2700.840576 1922.003418 1922.119507 
2699.042969 2699.171631 1921.185425 1921.216064 
2697.376465 2697.213623 1919.943604 1920.060913 
2695.703125 2695.261719 1918.460083 1918.578125 
2693.746582 2693.586182 1918.244995 1918.276001 
2692.344238 2692.184814 1916.399414 1916.518555 
2690.661621 2689.906982 1916.098755 1916.129883 
2688.702148 2688.213867 1914.615234 1914.735229 
2687.012939 2687.106445 1912.863403 1913.207886 
2685.032471 2686.220947 1912.553101 1912.674194 
2683.621826 2684.520264 1910.768555 1910.890747 
2681.664551 2682.821777 1909.350098 1909.382080 
2681.045898 2681.111572 1908.673950 1908.796997 
2679.980225 2679.126953 1907.721069 1906.993774 
2678.290039 2677.417236 1906.869629 1906.120728 
2676.580078 2675.706055 1905.378540 1905.503296 
2674.588135 2673.990967 1904.188843 1903.395142 
2672.585693 2672.127930 1903.269287 1902.582031 
2671.147705 2671.711426 1901.473267 1901.600098 
2669.408936 2669.990479 1900.906128 1900.939087 
2667.398682 2668.264648 1899.365356 1899.493164 
2665.675049 2666.249023 1897.552246 1897.681152 
2663.929443 2664.802734 1896.310913 1896.696411 
2661.896240 2663.061768 1895.437012 1895.567017 
2661.173340 2661.041748 1894.026489 1894.060303 
2659.883301 2659.299561 1893.628906 1893.759766 
2658.147705 2657.258545 1891.807617 1891.939453 
2656.405518 2655.808594 1890.429199 1890.463501 
2654.350342 2653.790039 1889.672729 1889.805664 
2652.581055 2652.060791 1887.856934 1887.990479 
2650.808838 2650.332764 1887.097412 1886.484863 
2649.013672 2648.586670 1886.350342 1885.486938 
2647.249512 2646.555664 1884.227783 1884.363281 
2645.488770 2644.519287 1883.475952 1883.510986 
2643.429443 2643.058350 1882.080811 1882.217285 
2641.662598 2641.292480 1880.557007 1880.694336 
2639.885498 2639.263428 1879.833374 1879.868896 
2637.809326 2637.522217 1878.425537 1878.563721 
2636.029297 2635.757568 1876.669312 1877.104858 
2634.243896 2634.651367 1876.291626 1876.430908 
2632.451416 2633.705078 1874.448120 1874.588379 
2630.665283 2631.664795 1873.092041 1873.128174 
2629.685791 2629.909668 1872.580933 1872.722046 
2628.567871 2628.146484 1870.722656 1870.864624 
2626.784912 2626.068115 1869.398926 1869.027222 
2624.684082 2624.282471 1868.884399 1868.013794 
2622.883789 2622.497803 1867.043823 1867.187744 
2620.750244 2620.689697 1866.270386 1866.307617 
2619.217529 2618.917969 1864.873169 1865.018311 
2617.061768 2617.147949 1862.994263 1863.140625 
2615.539795 2615.071289 1861.947144 1861.282104 
2613.413086 2613.292969 1861.134399 1860.588989 
2611.599121 2611.500244 1858.964355 1859.114136 
2609.781738 2609.413086 1858.064575 1857.779175 
2607.956543 2607.626221 1856.768921 1856.920410 
2605.789795 2605.835938 1854.911255 1855.064819 
2603.961914 2604.036133 1853.426270 1853.467773 
2601.805664 2602.236572 1853.051636 1853.207031 
2599.963867 2600.120361 1851.190552 1851.348022 
2598.131104 2598.319824 1850.279541 1849.476440 
2595.987305 2596.198975 1849.317139 1848.770874 
2594.162109 2594.390381 1847.133423 1847.295044 
2592.330811 2592.254395 1845.577881 1845.741455 
2590.485107 2590.727295 1844.221558 1844.268188 
2588.860107 2588.593994 1843.713989 1843.879639 
2588.344727 2587.084229 1841.540649 1841.708862 
2584.672852 2584.982178 1840.493164 1840.542358 
2582.879639 2583.189453 1839.653198 1839.823608 
2582.536377 2581.390869 1837.776611 1837.949097 
2580.715332 2579.580811 1837.025391 1837.076660 
2578.579834 2577.424561 1835.888794 1836.063354 
2575.251221 2575.603271 1834.012085 1834.188599 
2574.201416 2573.457520 1833.270508 1833.324829 
2573.109619 2571.619629 1831.824951 1832.003906 
2571.241211 2569.795166 1829.957642 1830.138794 
2568.769043 2567.651367 1828.333130 1827.953369 
2566.910156 2565.825684 1827.769653 1827.860962 
2565.032715 2563.992188 1825.890625 1826.076294 
2563.146973 2562.150391 1824.276855 1823.889282 
2560.931885 2560.022949 1823.701294 1822.558228 
2559.033447 2558.190918 1821.821167 1822.011108 
2556.824463 2556.384277 1819.951782 1820.143799 
2554.937012 2554.267090 1818.401978 1818.467407 
2553.044678 2552.452393 1817.772461 1817.966797 
2550.827637 2550.312988 1815.914062 1816.110352 
2548.905029 2548.793945 1814.883301 1814.231323 
2547.010254 2546.963379 1814.032959 1813.208862 
2544.797852 2544.827393 1812.152100 1812.352783 
2542.916504 2542.979492 1810.962280 1810.131592 
2541.330566 2540.549805 1809.928833 1808.575439 
2539.137939 2538.729980 1808.370972 1807.964722 
2537.569336 2536.886963 1806.207397 1806.413940 
2535.376709 2535.026367 1804.389404 1804.468506 
2533.199463 2532.837402 1804.021973 1804.230591 
2531.021729 2530.951660 1802.466309 1802.676270 
2529.482910 2528.760010 1800.304443 1800.516479 
2527.329102 2526.885498 1799.142822 1798.653809 
2525.460938 2525.010010 1798.440186 1797.478516 
2523.601074 2522.810303 1796.254761 1796.470459 
2521.714111 2520.904541 1794.686523 1794.903809 
2519.550537 2519.028809 1793.905273 1793.994751 
2517.656250 2516.834961 1792.499756 1792.719238 
2515.768555 2514.968994 1790.325439 1790.547241 
2513.859863 2513.390381 1788.696655 1788.674072 
2511.912354 2511.211182 1788.450317 1787.671875 
2510.049805 2509.649658 1786.600464 1786.826538 
2508.152100 2507.465332 1784.729614 1784.957642 
2505.949219 2505.294678 1783.160889 1783.260742 
2504.051270 2503.124268 1782.565063 1782.795776 
2500.271973 2501.591553 1780.722656 1780.955566 
2498.078613 2499.444580 1778.576294 1778.811401 
2496.163818 2497.583252 1777.594849 1777.700195 
2494.706055 2495.725830 1776.739014 1776.976196 
2493.943359 2493.846191 1774.891724 1775.130615 
2490.217529 2491.688721 1772.739990 1772.980957 
2489.811523 2489.805664 1772.019531 1772.130615 
2486.307617 2486.024902 1770.883057 1771.125610 
2484.089111 2484.767090 1768.733154 1768.977417 
2482.171631 2482.235840 1766.889160 1767.134644 
2480.253174 2480.348877 1766.476807 1766.593262 
2478.027832 2478.163086 1765.033325 1765.280273 
2476.079834 2476.281494 1762.872314 1763.120605 
2474.498047 2474.415039 1761.005249 1761.255005 
2472.244873 2472.538818 1760.136475 1760.058716 
2470.345947 2470.363525 1758.845947 1759.097046 
2468.464355 2468.460938 1757.005249 1757.257935 
2466.246826 2466.250488 1755.736816 1755.094604 
2464.670166 2464.333984 1754.840210 1753.566528 
2462.768066 2462.122559 1753.310913 1752.353516 
2460.565186 2460.195557 1751.494263 1751.751099 
2458.358398 2458.615723 1749.368408 1749.626831 
2454.538818 2456.400391 1747.559814 1747.819458 
2452.962402 2452.573242 1746.711792 1746.844360 
2451.069092 2450.358643 1745.453491 1745.714600 
2449.151367 2448.419922 1743.615601 1743.877808 
2446.930664 2446.849365 1741.804077 1742.067261 
2445.329346 2444.610840 1741.122925 1739.958618 
2443.417236 2442.728516 1739.694214 1739.652832 
2441.495605 2440.857666 1737.884644 1738.150024 
2439.589600 2438.656982 1736.050903 1736.317383 
2437.382080 2437.089355 1733.929199 1734.197021 
2433.910400 2435.200928 1732.380371 1732.388672 
2432.019287 2433.010010 1732.119507 1731.350952 
2429.792480 2430.817871 1730.312256 1730.582642 
2427.602783 2427.028564 1728.209595 1728.481445 
2425.705322 2425.468018 1726.684204 1726.957153 
2423.820312 2423.593750 1725.010498 1725.160889 
2421.948730 2421.694824 1724.294434 1724.568848 
2420.066650 2419.493896 1722.467896 1722.743530 
2417.873535 2417.906006 1720.691895 1720.968628 
2416.008057 2416.004639 1719.642212 1718.866821 
2412.239990 2412.187744 1718.588623 1718.093140 
2410.373291 2409.983398 1716.808105 1717.087280 
2408.188477 2408.089600 1715.006104 1715.286377 
2406.336670 2406.509766 1713.228638 1713.510010 
2404.445557 2404.615234 1711.427856 1711.710205 
2402.252197 2402.384033 1710.873169 1709.616821 
2400.689941 2400.190674 1709.333130 1709.345459 
2398.803711 2398.287354 1707.521240 1707.806030 
2396.609131 2396.398682 1705.723389 1706.009033 
2392.894775 2392.634277 1703.646484 1703.933594 
2390.735596 2390.434814 1701.879028 1702.167114 
2388.853516 2388.559570 1700.517944 1700.405518 
2386.679199 2386.663330 1700.116699 1699.018066 
2385.144043 2384.768311 1698.045898 1698.335815 
2383.288818 2382.888672 1696.271973 1696.562500 
2381.136963 2380.687988 1694.226562 1694.518066 
2377.092285 2378.821777 1692.486816 1692.778809 
2374.906982 2376.920166 1691.855103 1692.032837 
2373.353271 2374.719238 1690.463745 1690.756226 
2371.507324 2371.262939 1689.005493 1688.691528 
2369.663818 2369.065674 1687.273926 1687.567017 
2367.818848 2367.205078 1685.257690 1685.551025 
2365.960693 2365.348389 1683.220337 1683.514160 
2363.807129 2363.186768 1681.695801 1681.502563 
2360.093506 2361.300537 1681.208740 1680.063232 
2358.242676 2359.119385 1679.769043 1678.392090 
2356.087646 2355.715332 1677.700806 1677.994873 
2354.252441 2353.555664 1675.989746 1676.283936 
2352.419678 2351.679199 1673.947144 1674.241455 
2350.591309 2349.496582 1672.225708 1672.520020 
2346.626465 2347.307129 1671.188965 1670.491943 
2344.805664 2345.749268 1670.197632 1669.047485 
2342.674316 2343.901855 1668.753174 1667.346802 
2340.835205 2340.219727 1667.052368 1666.547485 
2339.020020 2338.368896 1665.074463 1665.369385 
2337.192139 2336.222900 1663.058105 1663.353027 
2335.049561 2334.392090 1661.633057 1661.928467 
2331.390869 2332.523193 1659.654419 1659.950562 
2329.574219 2328.526123 1657.973633 1658.270020 
2327.745605 2326.692627 1656.575195 1656.872192 
2325.604004 2324.861328 1654.616333 1654.914062 
2323.779053 2323.031982 1653.235840 1652.950684 
2321.640625 2320.902588 1652.652466 1651.840210 
2317.702393 2319.071045 1650.980835 1651.279541 
2316.179932 2315.132812 1649.323975 1649.623413 
2314.029785 2313.301270 1647.681152 1647.981079 
2312.207275 2311.496094 1646.027344 1646.327881 
2310.374512 2309.680420 1644.350464 1644.651489 
2306.408936 2307.551758 1642.412231 1642.713867 
2304.564941 2305.734375 1640.486328 1640.788574 
2302.463379 2302.114990 1638.846436 1639.149292 
2300.658936 2300.302002 1638.140625 1637.216309 
2298.864990 2298.179932 1636.912842 1635.583984 
2296.770508 2296.373535 1635.279907 1633.920776 
2292.854492 2294.259521 1633.616211 1632.297363 
2291.044189 2292.457520 1631.992432 1632.078247 
2289.234131 2288.869873 1630.092285 1630.397949 
2287.125000 2286.751221 1628.444214 1628.750366 
2285.316650 2284.956787 1626.568726 1626.875488 
2283.212646 2283.151855 1624.954468 1625.261841 
2279.604248 2279.246826 1623.344727 1623.652466 
2277.824951 2277.427979 1621.727661 1622.036133 
2275.751465 2275.354248 1620.104004 1620.413208 
2273.961914 2273.576416 1618.232544 1618.542358 
2271.864014 2271.812500 1616.617310 1616.927979 
2268.236572 2269.757568 1614.766357 1615.078003 
2266.118652 2265.925781 1613.193726 1613.505981 
2264.310791 2264.159424 1611.624390 1611.937744 
2262.208008 2262.398926 1609.786743 1610.101074 
2260.393555 2260.351562 1608.202515 1608.518066 
2258.289795 2258.599121 1606.622803 1606.939575 
2254.698730 2254.790283 1606.307983 1605.119019 
2252.924561 2253.062012 1604.800903 1603.292236 
2250.860596 2251.338867 1602.972412 1601.703369 
2249.104736 2249.332275 1601.382080 1600.140259 
2245.297607 2245.570312 1599.817383 1598.609497 
2243.222168 2243.813965 1597.999512 1598.324097 
2241.453125 2242.068115 1596.685303 1595.178833 
2239.684326 2240.023682 1594.851074 1594.174072 
2237.937988 2236.252930 1593.055298 1593.385132 
2235.876221 2234.506348 1591.506958 1591.838623 
2232.363525 2232.481689 1589.962646 1589.537964 
2230.900879 2230.733398 1588.169800 1588.506226 
2228.860840 2229.024414 1586.645142 1586.983765 
2226.788330 2225.333496 1585.363892 1584.926758 
2223.264404 2223.645752 1583.322876 1583.666260 
2221.234619 2221.961914 1581.822388 1582.168213 
2219.510010 2219.989990 1580.290894 1579.124512 
2217.505615 2216.301025 1578.774414 1577.366333 
2214.025391 2214.604248 1577.013672 1575.859985 
2212.322510 2212.931641 1575.505127 1574.345093 
2210.329590 2209.269531 1573.988037 1572.608887 
2208.622314 2207.584473 1572.249268 1571.133179 
2204.906006 2206.178955 1570.771118 1569.637451 
2203.484131 2202.225342 1568.261108 1567.878052 
2201.498291 2200.535156 1567.511108 1566.401489 
2199.524658 2198.835693 1564.545898 1564.917725 
2196.097168 2196.887695 1563.065063 1563.439453 
2194.408203 2193.313477 1561.589600 1561.966553 
2192.720459 2191.661621 1559.890015 1560.269897 
2189.008301 2189.977783 1558.414062 1558.796509 
2187.311768 2186.418213 1556.977051 1557.361816 
2185.357666 2184.764648 1555.285156 1555.672363 
2181.727051 2183.097412 1553.836304 1554.225586 
2180.041748 2181.159668 1552.390625 1552.781860 
2178.367920 2177.863770 1550.722900 1551.116089 
2176.431396 2175.961182 1549.294678 1549.689819 
2172.866943 2174.296875 1547.600586 1547.997803 
2171.217041 2171.031250 1546.177612 1544.887695 
2169.582764 2169.403076 1544.486694 1543.446655 
2166.021973 2167.456055 1543.043823 1542.018555 
2164.386963 2164.158691 1541.614136 1540.336548 
2162.494629 2162.259521 1539.929932 1539.168945 
2159.240479 2160.600830 1537.104980 1537.515503 
2157.598145 2157.089111 1535.676758 1536.089355 
2155.701660 2155.463867 1534.276367 1534.691406 
2152.176270 2153.584961 1532.629517 1533.047485 
2150.837402 2150.121582 1531.242065 1531.662598 
2149.233643 2148.515137 1529.839233 1528.901489 
2146.000244 2146.922607 1528.476318 1527.523682 
2144.393799 2143.440430 1525.495728 1525.925171 
2142.537354 2141.838867 1524.113525 1524.544922 
2139.350342 2139.985107 1522.510986 1522.944336 
2137.742920 2136.802490 1521.157593 1521.592896 
2134.251953 2135.197754 1519.794922 1520.232422 
2132.679932 2133.345459 1518.455811 1518.895142 
2131.100586 2129.903320 1517.085449 1515.972900 
2127.661865 2128.597168 1515.528809 1514.643921 
2125.812988 2125.429932 1512.846924 1513.295654 
2124.260498 2123.865479 1511.290771 1511.742188 
2121.150635 2120.470215 1509.938232 1510.391968 
2119.324951 2118.899902 1508.601074 1509.057251 
2116.236328 2117.343262 1507.279053 1506.421387 
2114.432373 2114.165283 1504.646240 1505.109253 
2112.885010 2112.333740 1503.109253 1503.574829 
2109.801758 2109.238281 1501.793091 1502.260620 
2108.007568 2107.412598 1500.502197 1500.971802 
2104.652588 2105.858643 1499.204102 1498.395386 
2103.083252 2102.518555 1496.643188 1497.119141 
2101.554932 2100.733154 1495.134155 1495.612671 
2098.201904 2097.678467 1493.851440 1494.331787 
2096.426758 2096.156738 1492.359985 1492.842773 
2093.395508 2094.648682 1491.083374 1490.097046 
2091.637451 2091.356201 1489.609863 1488.817139 
2090.145996 2089.834229 1487.049316 1487.540649 
2086.882812 2086.561035 1485.555420 1486.049316 
2085.156982 2085.041016 1484.274658 1484.770996 
2082.181396 2083.272217 1483.019531 1482.074097 
2080.440186 2080.242676 1481.572754 1480.840576 
2078.959961 2078.473145 1479.094238 1479.600342 
2075.770752 2075.233154 1477.855347 1478.363647 
2074.316895 2073.746826 1476.426392 1476.937378 
2071.172363 2072.262695 1474.991211 1474.278564 
2069.958984 2069.072266 1472.526733 1473.044556 
2066.813721 2067.343994 1471.091553 1471.612183 
2065.348877 2064.168701 1469.882935 1470.405884 
2062.182373 2062.707275 1468.465576 1467.781006 
2060.491699 2059.543701 1467.252930 1466.575073 
2057.574219 2058.092529 1464.850586 1465.384033 
2056.130859 2056.394531 1463.630005 1462.776245 
2053.022461 2053.535889 1462.237671 1461.578003 
2051.586670 2050.443848 1459.656128 1460.199707 
2048.510010 2049.250488 1458.485229 1459.031250 
2047.082153 2046.164673 1457.501343 1456.885864 
2043.985474 2044.730347 1454.754761 1455.307739 
2042.559937 2041.637085 1453.574585 1454.129761 
2039.783203 2039.989624 1452.213135 1452.771240 
2038.152588 2037.145996 1451.057373 1450.466919 
2035.121948 2035.738159 1448.713623 1449.278320 
2033.720581 2032.696411 1447.567627 1446.792725 
2030.677490 2031.287109 1446.223145 1445.634033 
2029.283813 2028.258301 1443.715698 1444.290405 
2026.284668 2026.848022 1442.573486 1443.150391 
2024.920654 2023.784180 1441.434937 1440.881348 
2021.962769 2022.372925 1439.178833 1439.762207 
2020.379272 2019.624390 1438.060303 1437.336670 
2017.673096 2018.011353 1436.748535 1436.411255 
2014.953979 2015.013794 1434.342041 1434.935425 
2013.587280 2013.629639 1433.237061 1433.833008 
2010.629150 2010.624878 1431.008545 1431.609253 
2009.276978 2009.246216 1429.905640 1430.508545 
2006.353882 2006.276855 1428.615723 1428.139160 
2004.807617 2004.923950 1426.440186 1427.050049 
2002.156616 2001.988892 1425.171997 1425.784424 
2000.620850 2000.418701 1423.917114 1423.440918 
1997.739502 1997.731812 1421.752075 1422.371460 
1995.088135 1995.038330 1420.493774 1421.115601 
1993.544800 1993.685669 1419.426147 1419.144043 
1991.155884 1990.760498 1417.072144 1417.700562 
1989.644775 1989.423218 1416.003174 1415.405273 
1987.013428 1986.534790 1414.772217 1414.520752 
1984.374023 1985.007568 1412.653320 1413.290527 
1982.867310 1982.393799 1411.609741 1411.200806 
1980.247070 1980.878784 1409.350586 1409.993896 
1977.241699 1978.034180 1408.145264 1407.762329 
1975.952026 1975.409668 1407.114868 1406.716553 
1973.207520 1973.879517 1404.872314 1405.523682 
1971.948364 1971.504272 1403.821411 1403.458862 
1969.189453 1968.919067 1401.610840 1402.268311 
1966.641968 1967.410400 1400.601196 1400.255737 
1965.152466 1964.818726 1398.414795 1399.077759 
1962.583740 1963.345337 1397.249268 1396.919189 
1961.100342 1960.784790 1395.423462 1396.091187 
1958.595703 1957.847290 1394.069458 1393.749146 
1955.885864 1956.584595 1393.078125 1392.586670 
1954.626099 1953.900024 1390.927856 1390.618408 
1951.888062 1951.422607 1389.944458 1389.628784 
1949.156738 1949.990112 1387.815063 1388.489868 
1947.891968 1947.523071 1386.832397 1386.527466 
1945.172852 1944.836182 1384.875000 1384.263550 
1942.487183 1943.594482 1383.588623 1383.291504 
1941.239990 1940.943848 1381.647217 1382.321533 
1938.584351 1938.516724 1380.520630 1380.389038 
1937.367065 1937.112671 1378.752930 1378.317871 
1934.717651 1934.696533 1377.644897 1377.360962 
1932.278076 1932.140869 1375.567993 1375.445557 
1929.613525 1930.771240 1373.679077 1374.350098 
1928.389893 1928.201904 1372.742554 1372.478516 
1925.976807 1925.875244 1370.856201 1371.526001 
1923.568481 1923.346313 1369.759521 1369.333618 
1922.365967 1922.201904 1367.881470 1368.549927 
1920.003662 1919.724243 1366.935303 1366.523682 
1917.666626 1917.244751 1364.934692 1364.663086 
1915.105591 1914.969116 1363.996826 1363.575806 
1912.546997 1913.827271 1361.846313 1362.511230 
1911.385864 1911.357422 1360.936768 1360.693848 
1908.820801 1909.130981 1358.965210 1358.716064 
1906.307617 1906.907227 1357.144531 1357.806641 
1905.123413 1904.687256 1356.220337 1355.989380 
1902.828491 1902.286255 1354.440552 1354.059448 
1900.562744 1900.225098 1353.399414 1353.168945 
1898.267456 1898.946167 1351.612183 1351.230225 
1896.770386 1896.544800 1349.677856 1350.336792 
1894.520386 1894.163940 1348.785278 1348.551880 
1892.090088 1891.990723 1347.012695 1346.635742 
1889.876221 1889.630005 1345.978394 1345.765625 
1887.499756 1887.469727 1344.087769 1343.878540 
1886.218628 1886.400879 1342.191406 1342.846069 
1884.075928 1884.074585 1341.449585 1341.062134 
1881.717896 1881.736328 1339.682983 1339.331177 
1879.589478 1879.590088 1337.827393 1338.479736 
1877.105469 1877.265259 1336.978271 1336.782959 
1874.977661 1875.138306 1335.119263 1334.936157 
1873.894287 1873.901733 1333.296021 1333.946655 
1871.766479 1871.625854 1332.458130 1332.282349 
1869.440552 1869.561646 1330.664795 1330.495483 
1867.159790 1867.291748 1329.022095 1329.670776 
1865.077271 1865.242310 1328.191528 1327.885742 
1862.817627 1862.846191 1326.411377 1326.252319 
1860.787842 1860.796753 1324.655762 1325.303467 
1858.926025 1858.564941 1323.851685 1323.543579 
1856.741211 1856.521484 1322.227539 1322.062866 
1854.617432 1854.310547 1320.472778 1320.291016 
1852.662231 1853.313354 1318.561401 1319.206543 
1850.532593 1851.326050 1317.754883 1317.586060 
1848.575317 1849.164795 1316.131226 1315.826538 
1846.628052 1847.228271 1314.378662 1315.021973 
1844.853516 1844.136230 1313.458130 1313.325073 
1842.590088 1842.338135 1311.911499 1311.652466 
1840.681030 1840.265747 1310.223022 1310.100952 
1838.608521 1838.198608 1308.562134 1309.205566 
1836.737793 1836.302979 1307.803589 1307.798950 
1834.846558 1834.404907 1306.267334 1306.275391 
1832.778564 1832.521606 1304.736206 1304.499268 
1830.908325 1830.616333 1302.967529 1303.615723 
1828.903687 1828.598022 1301.480103 1302.129639 
1826.908569 1826.576538 1300.718262 1300.616089 
1825.060303 1824.722290 1299.195557 1298.981201 
1822.918335 1822.884766 1297.562256 1297.459961 
1821.082764 1820.868774 1296.045898 1296.203491 
1818.358765 1819.019775 1294.552246 1294.475708 
1816.389282 1817.048828 1292.981323 1293.637817 
1814.462524 1814.200439 1292.258179 1292.205688 
1812.662476 1812.392700 1290.832031 1290.670898 
1810.572144 1810.304443 1289.284180 1289.113159 
1808.802612 1808.522705 1287.728760 1287.572144 
1807.012573 1806.759644 1286.189331 1286.277344 
1805.112305 1804.838989 1284.807983 1284.778809 
1803.363037 1802.930298 1283.419312 1283.292114 
1800.624146 1801.042236 1281.911621 1282.017456 
1798.772949 1799.286255 1280.528198 1280.519165 
1796.892090 1797.400757 1279.178589 1279.054810 
1795.044922 1795.516113 1277.817993 1277.809204 
1793.336792 1792.933960 1276.350952 1276.243286 
1791.503662 1791.223999 1275.567627 1274.886475 
1789.704224 1789.382690 1274.209351 1273.678589 
1787.213013 1787.715332 1272.326660 1272.235840 
1785.429443 1785.897339 1270.996460 1271.013306 
1783.640259 1783.114136 1269.660645 1269.684570 
1782.117432 1781.446167 1268.243774 1268.283203 
1779.426025 1779.655640 1267.055908 1267.101685 
1777.827881 1777.895386 1265.646240 1265.602905 
1776.090820 1776.270630 1264.260986 1264.322510 
1774.338623 1773.694580 1262.996338 1263.065186 
1772.599365 1771.928955 1261.626099 1261.710938 
1770.082520 1770.420654 1260.366699 1260.442749 
1768.377930 1768.689941 1259.106201 1259.087646 
1766.815430 1766.192139 1257.758423 1257.841553 
1764.231567 1764.482910 1256.393311 1256.600952 
1762.664185 1762.758545 1255.253418 1255.258667 
1760.963989 1761.046143 1253.927002 1253.359863 
1759.416382 1759.350586 1252.004395 1252.031128 
1757.130737 1756.873047 1250.798340 1250.938232 
1755.613281 1755.330444 1249.506958 1249.645142 
1753.208618 1753.670532 1248.197632 1248.237793 
1751.565186 1752.007446 1246.986206 1247.146729 
1749.959717 1749.562256 1245.806519 1245.973633 
1747.622803 1748.037109 1244.625366 1244.127930 
1746.036987 1745.781616 1243.368774 1242.951538 
1744.433960 1744.284546 1241.515503 1241.711548 
1742.104614 1742.662354 1240.379639 1240.582275 
1740.649536 1740.289062 1239.158081 1239.359497 
1738.961426 1738.700684 1238.030151 1238.144409 
1736.801636 1737.115723 1236.800049 1236.459351 
1735.260864 1734.843628 1235.022705 1235.241577 
1733.135986 1733.269531 1233.904785 1234.136353 
1731.491089 1731.808594 1232.800537 1232.931274 
1730.102783 1729.537720 1231.597656 1231.734619 
1728.036621 1727.872925 1230.403564 1230.106934 
1726.528809 1726.451538 1228.674927 1228.919800 
1724.330566 1724.229370 1227.587402 1227.820557 
1722.834961 1722.825562 1226.403076 1226.632202 
1720.681763 1720.513306 1225.225952 1224.958374 
1719.343506 1719.146851 1223.563721 1223.814697 
1717.223999 1717.115479 1222.423096 1222.684570 
1715.892212 1715.634033 1221.375122 1221.553589 
1713.895264 1713.468994 1220.248535 1219.897827 
1711.901001 1711.996094 1218.607666 1218.883179 
1710.496216 1710.547241 1217.513428 1217.781494 
1708.443237 1708.560913 1216.402100 1216.138184 
1707.145142 1706.481323 1215.363770 1215.019409 
1705.082642 1705.178101 1213.655884 1213.908691 
1703.689209 1703.218750 1212.545532 1212.791748 
1701.683838 1701.898926 1211.531860 1211.225220 
1699.695557 1699.864136 1209.980347 1210.255493 
1698.336914 1698.476685 1208.927734 1209.100220 
1696.447998 1696.574341 1207.851196 1207.632690 
1694.583862 1694.558350 1206.312134 1206.578735 
1693.235107 1693.190430 1205.350586 1205.139160 
1691.282104 1691.214478 1203.820435 1204.080933 
1689.446045 1689.980835 1202.853394 1203.044067 
1687.529297 1687.934448 1201.843872 1201.574951 
1686.321045 1686.086670 1200.353882 1200.629639 
1684.496582 1684.871460 1199.358398 1199.157471 
1683.208496 1682.940430 1197.885986 1198.229980 
1681.326782 1681.622681 1196.970337 1197.172607 
1679.555542 1679.824829 1195.979126 1195.806152 
1678.288452 1678.138428 1194.640015 1194.819580 
1676.448242 1676.168457 1193.643433 1193.396240 
1674.632812 1674.875488 1192.211304 1192.426270 
1672.800049 1673.113892 1191.251221 1191.016602 
1671.650391 1671.276367 1189.865234 1190.086060 
1669.840210 1669.554565 1188.929688 1188.722534 
1668.044189 1668.319092 1187.562988 1187.365112 
1666.281616 1666.517212 1186.642334 1186.520142 
1665.179199 1664.736328 1185.365356 1185.176392 
